# gzzz component calculated with tessgzzz 2017:
#   local time: Sun Mar 11 03:14:51 2018
#   model file: tesseroid_vs_spherical_shell_files/model-size1.0.tess (64800 tesseroids)
#   GLQ order: 2 lon / 2 lat / 2 r
#   Use recursive division of tesseroids: True
#   Distance-size ratio for recusive division: 20
0.000000 89.000000 150000.000000 -3.0094845674956e-07
0.111111 89.000000 150000.000000 -3.0094845501284e-07
0.222222 89.000000 150000.000000 -3.00948458135844e-07
0.333333 89.000000 150000.000000 -3.00948454980676e-07
0.444444 89.000000 150000.000000 -3.00948452797267e-07
0.555556 89.000000 150000.000000 -3.00948452797092e-07
0.666667 89.000000 150000.000000 -3.00948454980487e-07
0.777778 89.000000 150000.000000 -3.00948458135807e-07
0.888889 89.000000 150000.000000 -3.00948455013034e-07
1.000000 89.000000 150000.000000 -3.00948456749587e-07
0.000000 89.111111 150000.000000 -3.00948479564316e-07
0.111111 89.111111 150000.000000 -3.0094848030381e-07
0.222222 89.111111 150000.000000 -3.00948473476309e-07
0.333333 89.111111 150000.000000 -3.00948469650269e-07
0.444444 89.111111 150000.000000 -3.0094846778426e-07
0.555556 89.111111 150000.000000 -3.0094846778425e-07
0.666667 89.111111 150000.000000 -3.00948469650504e-07
0.777778 89.111111 150000.000000 -3.00948473476318e-07
0.888889 89.111111 150000.000000 -3.00948480303714e-07
1.000000 89.111111 150000.000000 -3.00948479564306e-07
0.000000 89.222222 150000.000000 -3.0094825317766e-07
0.111111 89.222222 150000.000000 -3.00948252369932e-07
0.222222 89.222222 150000.000000 -3.00948246963369e-07
0.333333 89.222222 150000.000000 -3.00948243751481e-07
0.444444 89.222222 150000.000000 -3.00948240797856e-07
0.555556 89.222222 150000.000000 -3.00948240797983e-07
0.666667 89.222222 150000.000000 -3.0094824375148e-07
0.777778 89.222222 150000.000000 -3.00948246963253e-07
0.888889 89.222222 150000.000000 -3.00948252369978e-07
1.000000 89.222222 150000.000000 -3.0094825317764e-07
0.000000 89.333333 150000.000000 -3.00947601029031e-07
0.111111 89.333333 150000.000000 -3.00947599148047e-07
0.222222 89.333333 150000.000000 -3.00947601373899e-07
0.333333 89.333333 150000.000000 -3.00947598136271e-07
0.444444 89.333333 150000.000000 -3.0094760409199e-07
0.555556 89.333333 150000.000000 -3.00947604091936e-07
0.666667 89.333333 150000.000000 -3.00947598136207e-07
0.777778 89.333333 150000.000000 -3.00947601373872e-07
0.888889 89.333333 150000.000000 -3.00947599147957e-07
1.000000 89.333333 150000.000000 -3.00947601029035e-07
0.000000 89.444444 150000.000000 -3.00946379530882e-07
0.111111 89.444444 150000.000000 -3.00946377034343e-07
0.222222 89.444444 150000.000000 -3.00946386370491e-07
0.333333 89.444444 150000.000000 -3.0094638635711e-07
0.444444 89.444444 150000.000000 -3.00946385427984e-07
0.555556 89.444444 150000.000000 -3.00946385428026e-07
0.666667 89.444444 150000.000000 -3.00946386357122e-07
0.777778 89.444444 150000.000000 -3.00946386370595e-07
0.888889 89.444444 150000.000000 -3.00946377034204e-07
1.000000 89.444444 150000.000000 -3.00946379530886e-07
0.000000 89.555556 150000.000000 -3.00944506757165e-07
0.111111 89.555556 150000.000000 -3.00944508275398e-07
0.222222 89.555556 150000.000000 -3.00944508494516e-07
0.333333 89.555556 150000.000000 -3.00944514151334e-07
0.444444 89.555556 150000.000000 -3.00944514190009e-07
0.555556 89.555556 150000.000000 -3.0094451419003e-07
0.666667 89.555556 150000.000000 -3.0094451415124e-07
0.777778 89.555556 150000.000000 -3.00944508494694e-07
0.888889 89.555556 150000.000000 -3.00944508275535e-07
1.000000 89.555556 150000.000000 -3.00944506757171e-07
0.000000 89.666667 150000.000000 -3.00942128364851e-07
0.111111 89.666667 150000.000000 -3.00942128293447e-07
0.222222 89.666667 150000.000000 -3.00942128261268e-07
0.333333 89.666667 150000.000000 -3.00942127681055e-07
0.444444 89.666667 150000.000000 -3.00942120516975e-07
0.555556 89.666667 150000.000000 -3.00942120517038e-07
0.666667 89.666667 150000.000000 -3.00942127680971e-07
0.777778 89.666667 150000.000000 -3.00942128261382e-07
0.888889 89.666667 150000.000000 -3.00942128293392e-07
1.000000 89.666667 150000.000000 -3.00942128364867e-07
0.000000 89.777778 150000.000000 -3.00939642066373e-07
0.111111 89.777778 150000.000000 -3.0093964170442e-07
0.222222 89.777778 150000.000000 -3.00939639153448e-07
0.333333 89.777778 150000.000000 -3.00939638715762e-07
0.444444 89.777778 150000.000000 -3.00939638254978e-07
0.555556 89.777778 150000.000000 -3.00939638254942e-07
0.666667 89.777778 150000.000000 -3.00939638715674e-07
0.777778 89.777778 150000.000000 -3.00939639153635e-07
0.888889 89.777778 150000.000000 -3.00939641704329e-07
1.000000 89.777778 150000.000000 -3.00939642066366e-07
0.000000 89.888889 150000.000000 -3.00937844552645e-07
0.111111 89.888889 150000.000000 -3.0093784455257e-07
0.222222 89.888889 150000.000000 -3.00937844551746e-07
0.333333 89.888889 150000.000000 -3.00937844405662e-07
0.444444 89.888889 150000.000000 -3.00937844144822e-07
0.555556 89.888889 150000.000000 -3.00937844144837e-07
0.666667 89.888889 150000.000000 -3.00937844405775e-07
0.777778 89.888889 150000.000000 -3.0093784455186e-07
0.888889 89.888889 150000.000000 -3.00937844552672e-07
1.000000 89.888889 150000.000000 -3.00937844552645e-07
0.000000 90.000000 150000.000000 -3.00937411661042e-07
0.111111 90.000000 150000.000000 -3.00937411661042e-07
0.222222 90.000000 150000.000000 -3.00937411661042e-07
0.333333 90.000000 150000.000000 -3.00937411661042e-07
0.444444 90.000000 150000.000000 -3.00937411661042e-07
0.555556 90.000000 150000.000000 -3.00937411661042e-07
0.666667 90.000000 150000.000000 -3.00937411661042e-07
0.777778 90.000000 150000.000000 -3.00937411661042e-07
0.888889 90.000000 150000.000000 -3.00937411661042e-07
1.000000 90.000000 150000.000000 -3.00937411661042e-07
