# gzzz component calculated with tessgzzz 2017:
#   local time: Sun Mar 11 02:55:38 2018
#   model file: tesseroid_vs_spherical_shell_files/model-size1.0.tess (64800 tesseroids)
#   GLQ order: 2 lon / 2 lat / 2 r
#   Use recursive division of tesseroids: True
#   Distance-size ratio for recusive division: 40
0.000000 89.000000 6000.000000 -3.2895042055216e-07
0.111111 89.000000 6000.000000 -3.28950393229858e-07
0.222222 89.000000 6000.000000 -3.28950411098389e-07
0.333333 89.000000 6000.000000 -3.28949682867693e-07
0.444444 89.000000 6000.000000 -3.28950473599359e-07
0.555556 89.000000 6000.000000 -3.28950472605049e-07
0.666667 89.000000 6000.000000 -3.28949683088646e-07
0.777778 89.000000 6000.000000 -3.28950411175859e-07
0.888889 89.000000 6000.000000 -3.28950394508829e-07
1.000000 89.000000 6000.000000 -3.28950420591554e-07
0.000000 89.111111 6000.000000 -3.2892007643581e-07
0.111111 89.111111 6000.000000 -3.28917842620858e-07
0.222222 89.111111 6000.000000 -3.28916410772739e-07
0.333333 89.111111 6000.000000 -3.28915569061101e-07
0.444444 89.111111 6000.000000 -3.28918281438162e-07
0.555556 89.111111 6000.000000 -3.28918281169472e-07
0.666667 89.111111 6000.000000 -3.28915569177941e-07
0.777778 89.111111 6000.000000 -3.2891641051538e-07
0.888889 89.111111 6000.000000 -3.28917842650255e-07
1.000000 89.111111 6000.000000 -3.28920076410214e-07
0.000000 89.222222 6000.000000 -3.28888123925631e-07
0.111111 89.222222 6000.000000 -3.28889690573282e-07
0.222222 89.222222 6000.000000 -3.28888874746348e-07
0.333333 89.222222 6000.000000 -3.28889006614883e-07
0.444444 89.222222 6000.000000 -3.28887407665648e-07
0.555556 89.222222 6000.000000 -3.28887407712688e-07
0.666667 89.222222 6000.000000 -3.28889005687826e-07
0.777778 89.222222 6000.000000 -3.2888887511168e-07
0.888889 89.222222 6000.000000 -3.2888969050279e-07
1.000000 89.222222 6000.000000 -3.28888123824778e-07
0.000000 89.333333 6000.000000 -3.29004631188938e-07
0.111111 89.333333 6000.000000 -3.29004828293336e-07
0.222222 89.333333 6000.000000 -3.29004246010146e-07
0.333333 89.333333 6000.000000 -3.29003581978261e-07
0.444444 89.333333 6000.000000 -3.29005799839861e-07
0.555556 89.333333 6000.000000 -3.29005799906825e-07
0.666667 89.333333 6000.000000 -3.29003581706622e-07
0.777778 89.333333 6000.000000 -3.29004246161363e-07
0.888889 89.333333 6000.000000 -3.29004828185463e-07
1.000000 89.333333 6000.000000 -3.29004631057213e-07
0.000000 89.444444 6000.000000 -3.29050264462619e-07
0.111111 89.444444 6000.000000 -3.29047174873566e-07
0.222222 89.444444 6000.000000 -3.29048636245503e-07
0.333333 89.444444 6000.000000 -3.29050470502464e-07
0.444444 89.444444 6000.000000 -3.2905024479313e-07
0.555556 89.444444 6000.000000 -3.29050244428328e-07
0.666667 89.444444 6000.000000 -3.29050470765796e-07
0.777778 89.444444 6000.000000 -3.29048636322451e-07
0.888889 89.444444 6000.000000 -3.29047174913866e-07
1.000000 89.444444 6000.000000 -3.29050264391026e-07
0.000000 89.555556 6000.000000 -3.28904385932458e-07
0.111111 89.555556 6000.000000 -3.28905312221369e-07
0.222222 89.555556 6000.000000 -3.28905852956065e-07
0.333333 89.555556 6000.000000 -3.28905759896128e-07
0.444444 89.555556 6000.000000 -3.28904976013924e-07
0.555556 89.555556 6000.000000 -3.289049758283e-07
0.666667 89.555556 6000.000000 -3.28905760776181e-07
0.777778 89.555556 6000.000000 -3.28905851938143e-07
0.888889 89.555556 6000.000000 -3.28905310864072e-07
1.000000 89.555556 6000.000000 -3.28904386347972e-07
0.000000 89.666667 6000.000000 -3.28980783627384e-07
0.111111 89.666667 6000.000000 -3.28978944920842e-07
0.222222 89.666667 6000.000000 -3.28981273771719e-07
0.333333 89.666667 6000.000000 -3.28979954024162e-07
0.444444 89.666667 6000.000000 -3.28981418028672e-07
0.555556 89.666667 6000.000000 -3.28981418059913e-07
0.666667 89.666667 6000.000000 -3.28979953990013e-07
0.777778 89.666667 6000.000000 -3.28981273718818e-07
0.888889 89.666667 6000.000000 -3.28978944623975e-07
1.000000 89.666667 6000.000000 -3.28980783420058e-07
0.000000 89.777778 6000.000000 -3.28921162366196e-07
0.111111 89.777778 6000.000000 -3.28918200153732e-07
0.222222 89.777778 6000.000000 -3.28919082568867e-07
0.333333 89.777778 6000.000000 -3.28917624718897e-07
0.444444 89.777778 6000.000000 -3.28918774137697e-07
0.555556 89.777778 6000.000000 -3.28918774545006e-07
0.666667 89.777778 6000.000000 -3.28917624966547e-07
0.777778 89.777778 6000.000000 -3.2891908251295e-07
0.888889 89.777778 6000.000000 -3.28918200008416e-07
1.000000 89.777778 6000.000000 -3.28921162132496e-07
0.000000 89.888889 6000.000000 -3.28882214962521e-07
0.111111 89.888889 6000.000000 -3.28882704939667e-07
0.222222 89.888889 6000.000000 -3.28881705209532e-07
0.333333 89.888889 6000.000000 -3.28881459676632e-07
0.444444 89.888889 6000.000000 -3.28880673969623e-07
0.555556 89.888889 6000.000000 -3.28880673823489e-07
0.666667 89.888889 6000.000000 -3.28881459598345e-07
0.777778 89.888889 6000.000000 -3.28881705332687e-07
0.888889 89.888889 6000.000000 -3.28882704899363e-07
1.000000 89.888889 6000.000000 -3.28882214993983e-07
0.000000 90.000000 6000.000000 -3.28676649714504e-07
0.111111 90.000000 6000.000000 -3.28676649714504e-07
0.222222 90.000000 6000.000000 -3.28676649714504e-07
0.333333 90.000000 6000.000000 -3.28676649714504e-07
0.444444 90.000000 6000.000000 -3.28676649714504e-07
0.555556 90.000000 6000.000000 -3.28676649714504e-07
0.666667 90.000000 6000.000000 -3.28676649714504e-07
0.777778 90.000000 6000.000000 -3.28676649714504e-07
0.888889 90.000000 6000.000000 -3.28676649714504e-07
1.000000 90.000000 6000.000000 -3.28676649714504e-07
