# gzzz component calculated with tessgzzz 2017:
#   local time: Sun Mar 11 02:43:43 2018
#   model file: tesseroid_vs_spherical_shell_files/model-size1.0.tess (64800 tesseroids)
#   GLQ order: 2 lon / 2 lat / 2 r
#   Use recursive division of tesseroids: True
#   Distance-size ratio for recusive division: 27.5
0.000000 89.000000 4000.000000 -3.3141939376222e-07
0.111111 89.000000 4000.000000 -3.31427473224499e-07
0.222222 89.000000 4000.000000 -3.31462972554131e-07
0.333333 89.000000 4000.000000 -3.3143887517488e-07
0.444444 89.000000 4000.000000 -3.31425957417992e-07
0.555556 89.000000 4000.000000 -3.31425957747231e-07
0.666667 89.000000 4000.000000 -3.31438875923999e-07
0.777778 89.000000 4000.000000 -3.31462972677143e-07
0.888889 89.000000 4000.000000 -3.31427476069428e-07
1.000000 89.000000 4000.000000 -3.31419393995363e-07
0.000000 89.111111 4000.000000 -3.3002767754173e-07
0.111111 89.111111 4000.000000 -3.29941696282457e-07
0.222222 89.111111 4000.000000 -3.29987405827582e-07
0.333333 89.111111 4000.000000 -3.29987080730822e-07
0.444444 89.111111 4000.000000 -3.30017559193164e-07
0.555556 89.111111 4000.000000 -3.3001755903754e-07
0.666667 89.111111 4000.000000 -3.29987080794409e-07
0.777778 89.111111 4000.000000 -3.29987405430534e-07
0.888889 89.111111 4000.000000 -3.29941697383167e-07
1.000000 89.111111 4000.000000 -3.30027677384532e-07
0.000000 89.222222 4000.000000 -3.29388573186421e-07
0.111111 89.222222 4000.000000 -3.29328442420503e-07
0.222222 89.222222 4000.000000 -3.29326590357953e-07
0.333333 89.222222 4000.000000 -3.29337782047691e-07
0.444444 89.222222 4000.000000 -3.29314792968621e-07
0.555556 89.222222 4000.000000 -3.29314793362492e-07
0.666667 89.222222 4000.000000 -3.29337780060743e-07
0.777778 89.222222 4000.000000 -3.2932659073189e-07
0.888889 89.222222 4000.000000 -3.29328441911434e-07
1.000000 89.222222 4000.000000 -3.29388574191535e-07
0.000000 89.333333 4000.000000 -3.29836907556862e-07
0.111111 89.333333 4000.000000 -3.29837130081254e-07
0.222222 89.333333 4000.000000 -3.2982257530749e-07
0.333333 89.333333 4000.000000 -3.29846626101952e-07
0.444444 89.333333 4000.000000 -3.29837307926954e-07
0.555556 89.333333 4000.000000 -3.29837307608868e-07
0.666667 89.333333 4000.000000 -3.2984662694655e-07
0.777778 89.333333 4000.000000 -3.29822575916209e-07
0.888889 89.333333 4000.000000 -3.29837130847888e-07
1.000000 89.333333 4000.000000 -3.29836907640537e-07
0.000000 89.444444 4000.000000 -3.31638319701641e-07
0.111111 89.444444 4000.000000 -3.31605589549725e-07
0.222222 89.444444 4000.000000 -3.31582987726875e-07
0.333333 89.444444 4000.000000 -3.31584082034678e-07
0.444444 89.444444 4000.000000 -3.31556914110483e-07
0.555556 89.444444 4000.000000 -3.31556914836739e-07
0.666667 89.444444 4000.000000 -3.31584081782877e-07
0.777778 89.444444 4000.000000 -3.31582988059604e-07
0.888889 89.444444 4000.000000 -3.31605589497988e-07
1.000000 89.444444 4000.000000 -3.31638319818999e-07
0.000000 89.555556 4000.000000 -3.30490333352409e-07
0.111111 89.555556 4000.000000 -3.30448029707397e-07
0.222222 89.555556 4000.000000 -3.30440297196195e-07
0.333333 89.555556 4000.000000 -3.30421791930169e-07
0.444444 89.555556 4000.000000 -3.30441539355895e-07
0.555556 89.555556 4000.000000 -3.30441539697627e-07
0.666667 89.555556 4000.000000 -3.30421791921091e-07
0.777778 89.555556 4000.000000 -3.30440295623453e-07
0.888889 89.555556 4000.000000 -3.30448026601849e-07
1.000000 89.555556 4000.000000 -3.30490333024366e-07
0.000000 89.666667 4000.000000 -3.29716826476752e-07
0.111111 89.666667 4000.000000 -3.29716181720662e-07
0.222222 89.666667 4000.000000 -3.29688006284105e-07
0.333333 89.666667 4000.000000 -3.29709052172375e-07
0.444444 89.666667 4000.000000 -3.29707916425086e-07
0.555556 89.666667 4000.000000 -3.29707916035417e-07
0.666667 89.666667 4000.000000 -3.29709052112573e-07
0.777778 89.666667 4000.000000 -3.29688006576528e-07
0.888889 89.666667 4000.000000 -3.29716181382131e-07
1.000000 89.666667 4000.000000 -3.29716827402148e-07
0.000000 89.777778 4000.000000 -3.29637281361114e-07
0.111111 89.777778 4000.000000 -3.29623446967356e-07
0.222222 89.777778 4000.000000 -3.29661185617715e-07
0.333333 89.777778 4000.000000 -3.29675903153167e-07
0.444444 89.777778 4000.000000 -3.29631182327043e-07
0.555556 89.777778 4000.000000 -3.29631182781019e-07
0.666667 89.777778 4000.000000 -3.29675903594251e-07
0.777778 89.777778 4000.000000 -3.29661186509899e-07
0.888889 89.777778 4000.000000 -3.29623446732038e-07
1.000000 89.777778 4000.000000 -3.29637281724791e-07
0.000000 89.888889 4000.000000 -3.29846953873304e-07
0.111111 89.888889 4000.000000 -3.29798513026409e-07
0.222222 89.888889 4000.000000 -3.29845002949634e-07
0.333333 89.888889 4000.000000 -3.29810686130802e-07
0.444444 89.888889 4000.000000 -3.29820043971162e-07
0.555556 89.888889 4000.000000 -3.29820044110675e-07
0.666667 89.888889 4000.000000 -3.29810686188967e-07
0.777778 89.888889 4000.000000 -3.29845002900992e-07
0.888889 89.888889 4000.000000 -3.29798513503778e-07
1.000000 89.888889 4000.000000 -3.29846954213374e-07
0.000000 90.000000 4000.000000 -3.25802141617821e-07
0.111111 90.000000 4000.000000 -3.25802141617821e-07
0.222222 90.000000 4000.000000 -3.25802141617821e-07
0.333333 90.000000 4000.000000 -3.25802141617821e-07
0.444444 90.000000 4000.000000 -3.25802141617821e-07
0.555556 90.000000 4000.000000 -3.25802141617821e-07
0.666667 90.000000 4000.000000 -3.25802141617821e-07
0.777778 90.000000 4000.000000 -3.25802141617821e-07
0.888889 90.000000 4000.000000 -3.25802141617821e-07
1.000000 90.000000 4000.000000 -3.25802141617821e-07
