# gzzz component calculated with tessgzzz 2017:
#   local time: Sun Mar 11 03:05:45 2018
#   model file: tesseroid_vs_spherical_shell_files/model-size1.0.tess (64800 tesseroids)
#   GLQ order: 2 lon / 2 lat / 2 r
#   Use recursive division of tesseroids: True
#   Distance-size ratio for recusive division: 2.5
0.000000 89.000000 10000.000000 -8.23719718818562e-07
0.111111 89.000000 10000.000000 -8.41890951244002e-07
0.222222 89.000000 10000.000000 -8.46565607115816e-07
0.333333 89.000000 10000.000000 -8.32216988235629e-07
0.444444 89.000000 10000.000000 -8.28604370227176e-07
0.555556 89.000000 10000.000000 -8.28604370227935e-07
0.666667 89.000000 10000.000000 -8.32216988238665e-07
0.777778 89.000000 10000.000000 -8.46565607113214e-07
0.888889 89.000000 10000.000000 -8.41890951242485e-07
1.000000 89.000000 10000.000000 -8.2371971882008e-07
0.000000 89.111111 10000.000000 -4.29980106511215e-08
0.111111 89.111111 10000.000000 -6.2053218858025e-08
0.222222 89.111111 10000.000000 -5.25325972159285e-08
0.333333 89.111111 10000.000000 -5.00331581798638e-08
0.444444 89.111111 10000.000000 -1.4525035668904e-07
0.555556 89.111111 10000.000000 -1.45250356691134e-07
0.666667 89.111111 10000.000000 -5.00331581783595e-08
0.777778 89.111111 10000.000000 -5.2532597215549e-08
0.888889 89.111111 10000.000000 -6.20532188590618e-08
1.000000 89.111111 10000.000000 -4.29980106525513e-08
0.000000 89.222222 10000.000000 1.37105355961116e-07
0.111111 89.222222 10000.000000 1.36536110185437e-07
0.222222 89.222222 10000.000000 3.5396116060874e-07
0.333333 89.222222 10000.000000 3.50092558153086e-07
0.444444 89.222222 10000.000000 4.69066430254261e-07
0.555556 89.222222 10000.000000 4.69066430252614e-07
0.666667 89.222222 10000.000000 3.50092558152096e-07
0.777778 89.222222 10000.000000 3.53961160576803e-07
0.888889 89.222222 10000.000000 1.36536110184058e-07
1.000000 89.222222 10000.000000 1.3710535595783e-07
0.000000 89.333333 10000.000000 6.57447651234819e-07
0.111111 89.333333 10000.000000 6.75869067265242e-07
0.222222 89.333333 10000.000000 6.83204431597303e-07
0.333333 89.333333 10000.000000 6.87402989254919e-07
0.444444 89.333333 10000.000000 6.89300629378595e-07
0.555556 89.333333 10000.000000 6.89300629377576e-07
0.666667 89.333333 10000.000000 6.87402989234615e-07
0.777778 89.333333 10000.000000 6.83204431596326e-07
0.888889 89.333333 10000.000000 6.75869067264433e-07
1.000000 89.333333 10000.000000 6.57447651234081e-07
0.000000 89.444444 10000.000000 -1.77319472930901e-09
0.111111 89.444444 10000.000000 -1.93130788805316e-08
0.222222 89.444444 10000.000000 -8.39631356740266e-09
0.333333 89.444444 10000.000000 -9.57437773031943e-09
0.444444 89.444444 10000.000000 4.01648972335601e-08
0.555556 89.444444 10000.000000 4.01648972383446e-08
0.666667 89.444444 10000.000000 -9.57437773045029e-09
0.777778 89.444444 10000.000000 -8.39631356860672e-09
0.888889 89.444444 10000.000000 -1.93130788717208e-08
1.000000 89.444444 10000.000000 -1.77319473144904e-09
0.000000 89.555556 10000.000000 -1.70339853045956e-08
0.111111 89.555556 10000.000000 1.83669087099194e-10
0.222222 89.555556 10000.000000 4.77849745791561e-09
0.333333 89.555556 10000.000000 -4.17128613952922e-09
0.444444 89.555556 10000.000000 -1.0280268890585e-08
0.555556 89.555556 10000.000000 -1.02802688894424e-08
0.666667 89.555556 10000.000000 -4.17128616964283e-09
0.777778 89.555556 10000.000000 4.77849745223065e-09
0.888889 89.555556 10000.000000 1.83669072744315e-10
1.000000 89.555556 10000.000000 -1.70339853097717e-08
0.000000 89.666667 10000.000000 9.2046134461112e-07
0.111111 89.666667 10000.000000 8.94303225055554e-07
0.222222 89.666667 10000.000000 8.92595545903407e-07
0.333333 89.666667 10000.000000 8.97411082247372e-07
0.444444 89.666667 10000.000000 8.95719335522134e-07
0.555556 89.666667 10000.000000 8.95719335524537e-07
0.666667 89.666667 10000.000000 8.97411082243838e-07
0.777778 89.666667 10000.000000 8.92595545901154e-07
0.888889 89.666667 10000.000000 8.94303225066501e-07
1.000000 89.666667 10000.000000 9.20461344608893e-07
0.000000 89.777778 10000.000000 4.64751048825992e-07
0.111111 89.777778 10000.000000 4.687178676072e-07
0.222222 89.777778 10000.000000 4.69821868812723e-07
0.333333 89.777778 10000.000000 5.06396117787667e-07
0.444444 89.777778 10000.000000 5.10327007737044e-07
0.555556 89.777778 10000.000000 5.10327007734676e-07
0.666667 89.777778 10000.000000 5.06396117790306e-07
0.777778 89.777778 10000.000000 4.698218688113e-07
0.888889 89.777778 10000.000000 4.68717867606333e-07
1.000000 89.777778 10000.000000 4.64751048830455e-07
0.000000 89.888889 10000.000000 -4.5833500919776e-07
0.111111 89.888889 10000.000000 -4.29209488209818e-07
0.222222 89.888889 10000.000000 -4.30516448520981e-07
0.333333 89.888889 10000.000000 -4.30612510116261e-07
0.444444 89.888889 10000.000000 -4.29846997122744e-07
0.555556 89.888889 10000.000000 -4.2984699711838e-07
0.666667 89.888889 10000.000000 -4.30612510116259e-07
0.777778 89.888889 10000.000000 -4.30516448520988e-07
0.888889 89.888889 10000.000000 -4.2920948820771e-07
1.000000 89.888889 10000.000000 -4.58335009197634e-07
0.000000 90.000000 10000.000000 1.31865218360796e-05
0.111111 90.000000 10000.000000 1.31865218360796e-05
0.222222 90.000000 10000.000000 1.31865218360796e-05
0.333333 90.000000 10000.000000 1.31865218360796e-05
0.444444 90.000000 10000.000000 1.31865218360796e-05
0.555556 90.000000 10000.000000 1.31865218360796e-05
0.666667 90.000000 10000.000000 1.31865218360796e-05
0.777778 90.000000 10000.000000 1.31865218360796e-05
0.888889 90.000000 10000.000000 1.31865218360796e-05
1.000000 90.000000 10000.000000 1.31865218360796e-05
