# gzzz component calculated with tessgzzz 2017:
#   local time: Sun Mar 11 02:52:57 2018
#   model file: tesseroid_vs_spherical_shell_files/model-size1.0.tess (64800 tesseroids)
#   GLQ order: 2 lon / 2 lat / 2 r
#   Use recursive division of tesseroids: True
#   Distance-size ratio for recusive division: 20
0.000000 89.000000 6000.000000 -3.27381682393667e-07
0.111111 89.000000 6000.000000 -3.27383875015689e-07
0.222222 89.000000 6000.000000 -3.27397593205259e-07
0.333333 89.000000 6000.000000 -3.27345474996745e-07
0.444444 89.000000 6000.000000 -3.27381239073418e-07
0.555556 89.000000 6000.000000 -3.27381239158278e-07
0.666667 89.000000 6000.000000 -3.27345475047603e-07
0.777778 89.000000 6000.000000 -3.27397592882123e-07
0.888889 89.000000 6000.000000 -3.27383875057717e-07
1.000000 89.000000 6000.000000 -3.27381682360187e-07
0.000000 89.111111 6000.000000 -3.27262762334093e-07
0.111111 89.111111 6000.000000 -3.27343283542368e-07
0.222222 89.111111 6000.000000 -3.27269546965028e-07
0.333333 89.111111 6000.000000 -3.27228945254751e-07
0.444444 89.111111 6000.000000 -3.27180329317971e-07
0.555556 89.111111 6000.000000 -3.27180329282745e-07
0.666667 89.111111 6000.000000 -3.2722894522119e-07
0.777778 89.111111 6000.000000 -3.27269546918282e-07
0.888889 89.111111 6000.000000 -3.27343302821711e-07
1.000000 89.111111 6000.000000 -3.27262762315268e-07
0.000000 89.222222 6000.000000 -3.26496775936604e-07
0.111111 89.222222 6000.000000 -3.26515139387141e-07
0.222222 89.222222 6000.000000 -3.26560527953504e-07
0.333333 89.222222 6000.000000 -3.26516726088748e-07
0.444444 89.222222 6000.000000 -3.26532672322017e-07
0.555556 89.222222 6000.000000 -3.26532672498959e-07
0.666667 89.222222 6000.000000 -3.26516726279771e-07
0.777778 89.222222 6000.000000 -3.26560527909025e-07
0.888889 89.222222 6000.000000 -3.2651513960259e-07
1.000000 89.222222 6000.000000 -3.26496775766648e-07
0.000000 89.333333 6000.000000 -3.28109951818771e-07
0.111111 89.333333 6000.000000 -3.28228544598244e-07
0.222222 89.333333 6000.000000 -3.28209688286473e-07
0.333333 89.333333 6000.000000 -3.28243251224864e-07
0.444444 89.333333 6000.000000 -3.28215632873741e-07
0.555556 89.333333 6000.000000 -3.28215632959361e-07
0.666667 89.333333 6000.000000 -3.28243251209825e-07
0.777778 89.333333 6000.000000 -3.28209688185669e-07
0.888889 89.333333 6000.000000 -3.28228544671383e-07
1.000000 89.333333 6000.000000 -3.28109951873237e-07
0.000000 89.444444 6000.000000 -3.29181355458838e-07
0.111111 89.444444 6000.000000 -3.29129723084428e-07
0.222222 89.444444 6000.000000 -3.29184398720969e-07
0.333333 89.444444 6000.000000 -3.29152505664463e-07
0.444444 89.444444 6000.000000 -3.29140687504864e-07
0.555556 89.444444 6000.000000 -3.2914068765137e-07
0.666667 89.444444 6000.000000 -3.29152505626928e-07
0.777778 89.444444 6000.000000 -3.29184398813643e-07
0.888889 89.444444 6000.000000 -3.29129723118315e-07
1.000000 89.444444 6000.000000 -3.29181355473907e-07
0.000000 89.555556 6000.000000 -3.26628327907611e-07
0.111111 89.555556 6000.000000 -3.26623801763483e-07
0.222222 89.555556 6000.000000 -3.26481792074395e-07
0.333333 89.555556 6000.000000 -3.26526049704039e-07
0.444444 89.555556 6000.000000 -3.26539283857481e-07
0.555556 89.555556 6000.000000 -3.26539283939629e-07
0.666667 89.555556 6000.000000 -3.26526049135933e-07
0.777778 89.555556 6000.000000 -3.2648179207914e-07
0.888889 89.555556 6000.000000 -3.26623801539213e-07
1.000000 89.555556 6000.000000 -3.26628327930021e-07
0.000000 89.666667 6000.000000 -3.27765031689349e-07
0.111111 89.666667 6000.000000 -3.27748624401574e-07
0.222222 89.666667 6000.000000 -3.27785822316427e-07
0.333333 89.666667 6000.000000 -3.2771983311572e-07
0.444444 89.666667 6000.000000 -3.27810150590255e-07
0.555556 89.666667 6000.000000 -3.27810150577174e-07
0.666667 89.666667 6000.000000 -3.27719833146965e-07
0.777778 89.666667 6000.000000 -3.27785822328584e-07
0.888889 89.666667 6000.000000 -3.27748624468459e-07
1.000000 89.666667 6000.000000 -3.27765031553645e-07
0.000000 89.777778 6000.000000 -3.26599008456758e-07
0.111111 89.777778 6000.000000 -3.26614530769557e-07
0.222222 89.777778 6000.000000 -3.26644024897541e-07
0.333333 89.777778 6000.000000 -3.26791201775161e-07
0.444444 89.777778 6000.000000 -3.26815115866989e-07
0.555556 89.777778 6000.000000 -3.26815115834718e-07
0.666667 89.777778 6000.000000 -3.26791201853696e-07
0.777778 89.777778 6000.000000 -3.26644024768968e-07
0.888889 89.777778 6000.000000 -3.26614530747729e-07
1.000000 89.777778 6000.000000 -3.26599008313272e-07
0.000000 89.888889 6000.000000 -3.274159018021e-07
0.111111 89.888889 6000.000000 -3.27422381224144e-07
0.222222 89.888889 6000.000000 -3.27419217019374e-07
0.333333 89.888889 6000.000000 -3.27421282478529e-07
0.444444 89.888889 6000.000000 -3.27406246251682e-07
0.555556 89.888889 6000.000000 -3.27406246263979e-07
0.666667 89.888889 6000.000000 -3.27421282564078e-07
0.777778 89.888889 6000.000000 -3.27419217044826e-07
0.888889 89.888889 6000.000000 -3.27422381163e-07
1.000000 89.888889 6000.000000 -3.27415901785345e-07
0.000000 90.000000 6000.000000 -3.23186896886459e-07
0.111111 90.000000 6000.000000 -3.23186896886459e-07
0.222222 90.000000 6000.000000 -3.23186896886459e-07
0.333333 90.000000 6000.000000 -3.23186896886459e-07
0.444444 90.000000 6000.000000 -3.23186896886459e-07
0.555556 90.000000 6000.000000 -3.23186896886459e-07
0.666667 90.000000 6000.000000 -3.23186896886459e-07
0.777778 90.000000 6000.000000 -3.23186896886459e-07
0.888889 90.000000 6000.000000 -3.23186896886459e-07
1.000000 90.000000 6000.000000 -3.23186896886459e-07
