# gzzz component calculated with tessgzzz 2017:
#   local time: Sun Mar 11 03:12:41 2018
#   model file: tesseroid_vs_spherical_shell_files/model-size1.0.tess (64800 tesseroids)
#   GLQ order: 2 lon / 2 lat / 2 r
#   Use recursive division of tesseroids: True
#   Distance-size ratio for recusive division: 35
0.000000 89.000000 50000.000000 -3.20115347440433e-07
0.111111 89.000000 50000.000000 -3.20115356094762e-07
0.222222 89.000000 50000.000000 -3.2011534094042e-07
0.333333 89.000000 50000.000000 -3.201153230797e-07
0.444444 89.000000 50000.000000 -3.20115330845995e-07
0.555556 89.000000 50000.000000 -3.20115330846846e-07
0.666667 89.000000 50000.000000 -3.20115323079256e-07
0.777778 89.000000 50000.000000 -3.20115340938879e-07
0.888889 89.000000 50000.000000 -3.20115356094969e-07
1.000000 89.000000 50000.000000 -3.20115347440694e-07
0.000000 89.111111 50000.000000 -3.20115140681543e-07
0.111111 89.111111 50000.000000 -3.20115106826057e-07
0.222222 89.111111 50000.000000 -3.2011509574527e-07
0.333333 89.111111 50000.000000 -3.20115070871254e-07
0.444444 89.111111 50000.000000 -3.20115053993055e-07
0.555556 89.111111 50000.000000 -3.20115053992789e-07
0.666667 89.111111 50000.000000 -3.20115070870766e-07
0.777778 89.111111 50000.000000 -3.20115095744453e-07
0.888889 89.111111 50000.000000 -3.20115106825489e-07
1.000000 89.111111 50000.000000 -3.2011514068122e-07
0.000000 89.222222 50000.000000 -3.20117305278688e-07
0.111111 89.222222 50000.000000 -3.20117258042573e-07
0.222222 89.222222 50000.000000 -3.20117258783556e-07
0.333333 89.222222 50000.000000 -3.20117267018409e-07
0.444444 89.222222 50000.000000 -3.2011726059906e-07
0.555556 89.222222 50000.000000 -3.20117260597603e-07
0.666667 89.222222 50000.000000 -3.20117267016408e-07
0.777778 89.222222 50000.000000 -3.20117258783006e-07
0.888889 89.222222 50000.000000 -3.20117258042609e-07
1.000000 89.222222 50000.000000 -3.20117305278797e-07
0.000000 89.333333 50000.000000 -3.20118589295988e-07
0.111111 89.333333 50000.000000 -3.20118592174848e-07
0.222222 89.333333 50000.000000 -3.20118619500945e-07
0.333333 89.333333 50000.000000 -3.20118665803413e-07
0.444444 89.333333 50000.000000 -3.20118590124518e-07
0.555556 89.333333 50000.000000 -3.2011859012413e-07
0.666667 89.333333 50000.000000 -3.20118665803071e-07
0.777778 89.333333 50000.000000 -3.20118619499639e-07
0.888889 89.333333 50000.000000 -3.20118592174162e-07
1.000000 89.333333 50000.000000 -3.20118589296357e-07
0.000000 89.444444 50000.000000 -3.20117144147011e-07
0.111111 89.444444 50000.000000 -3.20117141268388e-07
0.222222 89.444444 50000.000000 -3.20117143316024e-07
0.333333 89.444444 50000.000000 -3.20117134745527e-07
0.444444 89.444444 50000.000000 -3.20117158709687e-07
0.555556 89.444444 50000.000000 -3.2011715870887e-07
0.666667 89.444444 50000.000000 -3.20117134743869e-07
0.777778 89.444444 50000.000000 -3.20117143316507e-07
0.888889 89.444444 50000.000000 -3.20117141268168e-07
1.000000 89.444444 50000.000000 -3.20117144146551e-07
0.000000 89.555556 50000.000000 -3.20118276324589e-07
0.111111 89.555556 50000.000000 -3.2011827035249e-07
0.222222 89.555556 50000.000000 -3.2011827702567e-07
0.333333 89.555556 50000.000000 -3.20118274096346e-07
0.444444 89.555556 50000.000000 -3.20118290797645e-07
0.555556 89.555556 50000.000000 -3.20118290797463e-07
0.666667 89.555556 50000.000000 -3.20118274095266e-07
0.777778 89.555556 50000.000000 -3.20118277025729e-07
0.888889 89.555556 50000.000000 -3.20118270352601e-07
1.000000 89.555556 50000.000000 -3.20118276324524e-07
0.000000 89.666667 50000.000000 -3.20120067264877e-07
0.111111 89.666667 50000.000000 -3.20120077491166e-07
0.222222 89.666667 50000.000000 -3.20120081540756e-07
0.333333 89.666667 50000.000000 -3.20120085640732e-07
0.444444 89.666667 50000.000000 -3.20120073677265e-07
0.555556 89.666667 50000.000000 -3.20120073677383e-07
0.666667 89.666667 50000.000000 -3.20120085639397e-07
0.777778 89.666667 50000.000000 -3.2012008154072e-07
0.888889 89.666667 50000.000000 -3.20120077490178e-07
1.000000 89.666667 50000.000000 -3.20120067265106e-07
0.000000 89.777778 50000.000000 -3.20122247314904e-07
0.111111 89.777778 50000.000000 -3.2012224328555e-07
0.222222 89.777778 50000.000000 -3.20122256495872e-07
0.333333 89.777778 50000.000000 -3.20122255205188e-07
0.444444 89.777778 50000.000000 -3.20122255148406e-07
0.555556 89.777778 50000.000000 -3.20122255147991e-07
0.666667 89.777778 50000.000000 -3.20122255205784e-07
0.777778 89.777778 50000.000000 -3.2012225649683e-07
0.888889 89.777778 50000.000000 -3.20122243285671e-07
1.000000 89.777778 50000.000000 -3.20122247314863e-07
0.000000 89.888889 50000.000000 -3.20120834042792e-07
0.111111 89.888889 50000.000000 -3.20120824193014e-07
0.222222 89.888889 50000.000000 -3.20120819694529e-07
0.333333 89.888889 50000.000000 -3.20120812378642e-07
0.444444 89.888889 50000.000000 -3.20120805327425e-07
0.555556 89.888889 50000.000000 -3.20120805327119e-07
0.666667 89.888889 50000.000000 -3.20120812378502e-07
0.777778 89.888889 50000.000000 -3.20120819693816e-07
0.888889 89.888889 50000.000000 -3.20120824193079e-07
1.000000 89.888889 50000.000000 -3.20120834042752e-07
0.000000 90.000000 50000.000000 -3.20119761998138e-07
0.111111 90.000000 50000.000000 -3.20119761998138e-07
0.222222 90.000000 50000.000000 -3.20119761998138e-07
0.333333 90.000000 50000.000000 -3.20119761998138e-07
0.444444 90.000000 50000.000000 -3.20119761998138e-07
0.555556 90.000000 50000.000000 -3.20119761998138e-07
0.666667 90.000000 50000.000000 -3.20119761998138e-07
0.777778 90.000000 50000.000000 -3.20119761998138e-07
0.888889 90.000000 50000.000000 -3.20119761998138e-07
1.000000 90.000000 50000.000000 -3.20119761998138e-07
