# gzzz component calculated with tessgzzz 2017:
#   local time: Sun Mar 11 02:42:01 2018
#   model file: tesseroid_vs_spherical_shell_files/model-size1.0.tess (64800 tesseroids)
#   GLQ order: 2 lon / 2 lat / 2 r
#   Use recursive division of tesseroids: False
#   Distance-size ratio for recusive division: 25
0.000000 89.000000 4000.000000 0.0025832924945827
0.111111 89.000000 4000.000000 0.00258329249459634
0.222222 89.000000 4000.000000 0.00258329249459399
0.333333 89.000000 4000.000000 0.00258329249458402
0.444444 89.000000 4000.000000 0.00258329249459476
0.555556 89.000000 4000.000000 0.00258329249459476
0.666667 89.000000 4000.000000 0.00258329249458402
0.777778 89.000000 4000.000000 0.00258329249459399
0.888889 89.000000 4000.000000 0.00258329249459634
1.000000 89.000000 4000.000000 0.0025832924945827
0.000000 89.111111 4000.000000 0.0187789694942495
0.111111 89.111111 4000.000000 0.0187789694944155
0.222222 89.111111 4000.000000 0.0187789694940665
0.333333 89.111111 4000.000000 0.0187789694943322
0.444444 89.111111 4000.000000 0.0187789694941789
0.555556 89.111111 4000.000000 0.0187789694941789
0.666667 89.111111 4000.000000 0.0187789694943322
0.777778 89.111111 4000.000000 0.0187789694940665
0.888889 89.111111 4000.000000 0.0187789694944155
1.000000 89.111111 4000.000000 0.0187789694942495
0.000000 89.222222 4000.000000 -0.420866262103526
0.111111 89.222222 4000.000000 -0.420848399648151
0.222222 89.222222 4000.000000 -0.420803175230429
0.333333 89.222222 4000.000000 -0.420751745785334
0.444444 89.222222 4000.000000 -0.42071817656202
0.555556 89.222222 4000.000000 -0.42071817656202
0.666667 89.222222 4000.000000 -0.420751745785334
0.777778 89.222222 4000.000000 -0.420803175230429
0.888889 89.222222 4000.000000 -0.420848399648151
1.000000 89.222222 4000.000000 -0.420866262103526
0.000000 89.333333 4000.000000 0.0108603425159506
0.111111 89.333333 4000.000000 0.0108603425161094
0.222222 89.333333 4000.000000 0.0108603425160589
0.333333 89.333333 4000.000000 0.0108603425159874
0.444444 89.333333 4000.000000 0.0108603425158696
0.555556 89.333333 4000.000000 0.0108603425158696
0.666667 89.333333 4000.000000 0.0108603425159874
0.777778 89.333333 4000.000000 0.0108603425160589
0.888889 89.333333 4000.000000 0.0108603425161094
1.000000 89.333333 4000.000000 0.0108603425159506
0.000000 89.444444 4000.000000 0.00122355389026918
0.111111 89.444444 4000.000000 0.00122355389027069
0.222222 89.444444 4000.000000 0.00122355389027149
0.333333 89.444444 4000.000000 0.00122355389027069
0.444444 89.444444 4000.000000 0.00122355389027268
0.555556 89.444444 4000.000000 0.00122355389027268
0.666667 89.444444 4000.000000 0.00122355389027064
0.777778 89.444444 4000.000000 0.00122355389027149
0.888889 89.444444 4000.000000 0.00122355389027069
1.000000 89.444444 4000.000000 0.00122355389026918
0.000000 89.555556 4000.000000 0.000925713671806018
0.111111 89.555556 4000.000000 0.00092571367180595
0.222222 89.555556 4000.000000 0.000925713671805001
0.333333 89.555556 4000.000000 0.000925713671805569
0.444444 89.555556 4000.000000 0.000925713671804215
0.555556 89.555556 4000.000000 0.000925713671804215
0.666667 89.555556 4000.000000 0.000925713671805568
0.777778 89.555556 4000.000000 0.000925713671805001
0.888889 89.555556 4000.000000 0.000925713671805949
1.000000 89.555556 4000.000000 0.000925713671806018
0.000000 89.666667 4000.000000 0.00811941314321576
0.111111 89.666667 4000.000000 0.00811941314324107
0.222222 89.666667 4000.000000 0.0081194131431553
0.333333 89.666667 4000.000000 0.00811941314318868
0.444444 89.666667 4000.000000 0.00811941314317771
0.555556 89.666667 4000.000000 0.00811941314317772
0.666667 89.666667 4000.000000 0.00811941314318856
0.777778 89.666667 4000.000000 0.00811941314315529
0.888889 89.666667 4000.000000 0.00811941314324107
1.000000 89.666667 4000.000000 0.00811941314321576
0.000000 89.777778 4000.000000 -0.406278063572078
0.111111 89.777778 4000.000000 -0.406278063638527
0.222222 89.777778 4000.000000 -0.40627806353275
0.333333 89.777778 4000.000000 -0.406278063423812
0.444444 89.777778 4000.000000 -0.406278063321405
0.555556 89.777778 4000.000000 -0.406278063321406
0.666667 89.777778 4000.000000 -0.406278063423812
0.777778 89.777778 4000.000000 -0.406278063532751
0.888889 89.777778 4000.000000 -0.406278063638527
1.000000 89.777778 4000.000000 -0.406278063572078
0.000000 89.888889 4000.000000 0.027987157850658
0.111111 89.888889 4000.000000 0.0279871578505652
0.222222 89.888889 4000.000000 0.0279871578505247
0.333333 89.888889 4000.000000 0.0279871578505998
0.444444 89.888889 4000.000000 0.0279871578506479
0.555556 89.888889 4000.000000 0.0279871578506479
0.666667 89.888889 4000.000000 0.0279871578505997
0.777778 89.888889 4000.000000 0.0279871578505247
0.888889 89.888889 4000.000000 0.0279871578505652
1.000000 89.888889 4000.000000 0.027987157850658
0.000000 90.000000 4000.000000 0.00594967042640742
0.111111 90.000000 4000.000000 0.00594967042640742
0.222222 90.000000 4000.000000 0.00594967042640742
0.333333 90.000000 4000.000000 0.00594967042640742
0.444444 90.000000 4000.000000 0.00594967042640742
0.555556 90.000000 4000.000000 0.00594967042640742
0.666667 90.000000 4000.000000 0.00594967042640742
0.777778 90.000000 4000.000000 0.00594967042640742
0.888889 90.000000 4000.000000 0.00594967042640742
1.000000 90.000000 4000.000000 0.00594967042640742
