# gzzz component calculated with tessgzzz 2017:
#   local time: Sun Mar 11 02:52:07 2018
#   model file: tesseroid_vs_spherical_shell_files/model-size1.0.tess (64800 tesseroids)
#   GLQ order: 2 lon / 2 lat / 2 r
#   Use recursive division of tesseroids: False
#   Distance-size ratio for recusive division: 25
0.000000 89.000000 6000.000000 0.00362718137203107
0.111111 89.000000 6000.000000 0.00362718137202501
0.222222 89.000000 6000.000000 0.00362718137203345
0.333333 89.000000 6000.000000 0.00362718137202459
0.444444 89.000000 6000.000000 0.00362718137202753
0.555556 89.000000 6000.000000 0.00362718137202753
0.666667 89.000000 6000.000000 0.00362718137202459
0.777778 89.000000 6000.000000 0.00362718137203345
0.888889 89.000000 6000.000000 0.00362718137202501
1.000000 89.000000 6000.000000 0.00362718137203107
0.000000 89.111111 6000.000000 0.0194879733735519
0.111111 89.111111 6000.000000 0.0194879733737593
0.222222 89.111111 6000.000000 0.0194879733736837
0.333333 89.111111 6000.000000 0.0194879733738173
0.444444 89.111111 6000.000000 0.0194879733738134
0.555556 89.111111 6000.000000 0.0194879733738134
0.666667 89.111111 6000.000000 0.0194879733738173
0.777778 89.111111 6000.000000 0.0194879733736837
0.888889 89.111111 6000.000000 0.0194879733737593
1.000000 89.111111 6000.000000 0.0194879733735519
0.000000 89.222222 6000.000000 -0.179258925472416
0.111111 89.222222 6000.000000 -0.179258919369301
0.222222 89.222222 6000.000000 -0.179258904834444
0.333333 89.222222 6000.000000 -0.179258888147156
0.444444 89.222222 6000.000000 -0.179258877387783
0.555556 89.222222 6000.000000 -0.179258877387783
0.666667 89.222222 6000.000000 -0.179258888147156
0.777778 89.222222 6000.000000 -0.179258904834444
0.888889 89.222222 6000.000000 -0.179258919369301
1.000000 89.222222 6000.000000 -0.179258925472416
0.000000 89.333333 6000.000000 0.0126952163005945
0.111111 89.333333 6000.000000 0.0126952163006143
0.222222 89.333333 6000.000000 0.0126952163005755
0.333333 89.333333 6000.000000 0.012695216300595
0.444444 89.333333 6000.000000 0.0126952163005327
0.555556 89.333333 6000.000000 0.0126952163005327
0.666667 89.333333 6000.000000 0.012695216300595
0.777778 89.333333 6000.000000 0.0126952163005755
0.888889 89.333333 6000.000000 0.0126952163006143
1.000000 89.333333 6000.000000 0.0126952163005945
0.000000 89.444444 6000.000000 0.00175402335294192
0.111111 89.444444 6000.000000 0.00175402335294351
0.222222 89.444444 6000.000000 0.00175402335294996
0.333333 89.444444 6000.000000 0.00175402335294435
0.444444 89.444444 6000.000000 0.00175402335294775
0.555556 89.444444 6000.000000 0.00175402335294775
0.666667 89.444444 6000.000000 0.00175402335294435
0.777778 89.444444 6000.000000 0.00175402335294996
0.888889 89.444444 6000.000000 0.00175402335294351
1.000000 89.444444 6000.000000 0.00175402335294192
0.000000 89.555556 6000.000000 0.00133637002837039
0.111111 89.555556 6000.000000 0.00133637002836826
0.222222 89.555556 6000.000000 0.00133637002836856
0.333333 89.555556 6000.000000 0.00133637002836865
0.444444 89.555556 6000.000000 0.00133637002836739
0.555556 89.555556 6000.000000 0.00133637002836739
0.666667 89.555556 6000.000000 0.00133637002836865
0.777778 89.555556 6000.000000 0.00133637002836856
0.888889 89.555556 6000.000000 0.00133637002836826
1.000000 89.555556 6000.000000 0.00133637002837039
0.000000 89.666667 6000.000000 0.00952970899450471
0.111111 89.666667 6000.000000 0.00952970899453186
0.222222 89.666667 6000.000000 0.00952970899451572
0.333333 89.666667 6000.000000 0.00952970899450202
0.444444 89.666667 6000.000000 0.0095297089945249
0.555556 89.666667 6000.000000 0.0095297089945249
0.666667 89.666667 6000.000000 0.00952970899450186
0.777778 89.666667 6000.000000 0.00952970899451572
0.888889 89.666667 6000.000000 0.00952970899453186
1.000000 89.666667 6000.000000 0.00952970899450471
0.000000 89.777778 6000.000000 -0.172862200962271
0.111111 89.777778 6000.000000 -0.172862200992656
0.222222 89.777778 6000.000000 -0.17286220098834
0.333333 89.777778 6000.000000 -0.172862201031372
0.444444 89.777778 6000.000000 -0.172862200971194
0.555556 89.777778 6000.000000 -0.172862200971194
0.666667 89.777778 6000.000000 -0.172862201031372
0.777778 89.777778 6000.000000 -0.17286220098834
0.888889 89.777778 6000.000000 -0.172862200992656
1.000000 89.777778 6000.000000 -0.172862200962271
0.000000 89.888889 6000.000000 0.0290696872172074
0.111111 89.888889 6000.000000 0.0290696872170953
0.222222 89.888889 6000.000000 0.0290696872172631
0.333333 89.888889 6000.000000 0.0290696872171703
0.444444 89.888889 6000.000000 0.0290696872171813
0.555556 89.888889 6000.000000 0.0290696872171813
0.666667 89.888889 6000.000000 0.0290696872171703
0.777778 89.888889 6000.000000 0.0290696872172631
0.888889 89.888889 6000.000000 0.0290696872170953
1.000000 89.888889 6000.000000 0.0290696872172074
0.000000 90.000000 6000.000000 0.00815268962718855
0.111111 90.000000 6000.000000 0.00815268962718855
0.222222 90.000000 6000.000000 0.00815268962718855
0.333333 90.000000 6000.000000 0.00815268962718855
0.444444 90.000000 6000.000000 0.00815268962718855
0.555556 90.000000 6000.000000 0.00815268962718855
0.666667 90.000000 6000.000000 0.00815268962718855
0.777778 90.000000 6000.000000 0.00815268962718855
0.888889 90.000000 6000.000000 0.00815268962718855
1.000000 90.000000 6000.000000 0.00815268962718855
