# gzzz component calculated with tessgzzz 2017:
#   local time: Sun Mar 11 03:14:12 2018
#   model file: tesseroid_vs_spherical_shell_files/model-size1.0.tess (64800 tesseroids)
#   GLQ order: 2 lon / 2 lat / 2 r
#   Use recursive division of tesseroids: False
#   Distance-size ratio for recusive division: 25
0.000000 89.000000 150000.000000 -7.96094220244123e-07
0.111111 89.000000 150000.000000 -7.96094220244255e-07
0.222222 89.000000 150000.000000 -7.96094220242102e-07
0.333333 89.000000 150000.000000 -7.96094220242192e-07
0.444444 89.000000 150000.000000 -7.96094220244235e-07
0.555556 89.000000 150000.000000 -7.96094220244249e-07
0.666667 89.000000 150000.000000 -7.960942202422e-07
0.777778 89.000000 150000.000000 -7.96094220242122e-07
0.888889 89.000000 150000.000000 -7.9609422024418e-07
1.000000 89.000000 150000.000000 -7.96094220244126e-07
0.000000 89.111111 150000.000000 -8.50211977544134e-07
0.111111 89.111111 150000.000000 -8.50211977544798e-07
0.222222 89.111111 150000.000000 -8.50211977545531e-07
0.333333 89.111111 150000.000000 -8.50211977545496e-07
0.444444 89.111111 150000.000000 -8.50211977545692e-07
0.555556 89.111111 150000.000000 -8.50211977545701e-07
0.666667 89.111111 150000.000000 -8.50211977545526e-07
0.777778 89.111111 150000.000000 -8.50211977545239e-07
0.888889 89.111111 150000.000000 -8.50211977544745e-07
1.000000 89.111111 150000.000000 -8.50211977544117e-07
0.000000 89.222222 150000.000000 -7.04718726363858e-07
0.111111 89.222222 150000.000000 -7.04718726363195e-07
0.222222 89.222222 150000.000000 -7.04718726363438e-07
0.333333 89.222222 150000.000000 -7.04718726363521e-07
0.444444 89.222222 150000.000000 -7.04718726363551e-07
0.555556 89.222222 150000.000000 -7.04718726363567e-07
0.666667 89.222222 150000.000000 -7.04718726363539e-07
0.777778 89.222222 150000.000000 -7.04718726363436e-07
0.888889 89.222222 150000.000000 -7.04718726363186e-07
1.000000 89.222222 150000.000000 -7.04718726363848e-07
0.000000 89.333333 150000.000000 -4.02861074626434e-07
0.111111 89.333333 150000.000000 -4.02861074626808e-07
0.222222 89.333333 150000.000000 -4.02861074626821e-07
0.333333 89.333333 150000.000000 -4.02861074628059e-07
0.444444 89.333333 150000.000000 -4.02861074627379e-07
0.555556 89.333333 150000.000000 -4.0286107462732e-07
0.666667 89.333333 150000.000000 -4.02861074627902e-07
0.777778 89.333333 150000.000000 -4.02861074626879e-07
0.888889 89.333333 150000.000000 -4.0286107462681e-07
1.000000 89.333333 150000.000000 -4.02861074626435e-07
0.000000 89.444444 150000.000000 -4.01454221937624e-08
0.111111 89.444444 150000.000000 -4.01454221913998e-08
0.222222 89.444444 150000.000000 -4.01454221917062e-08
0.333333 89.444444 150000.000000 -4.01454221913983e-08
0.444444 89.444444 150000.000000 -4.01454221924589e-08
0.555556 89.444444 150000.000000 -4.01454221925086e-08
0.666667 89.444444 150000.000000 -4.01454221911467e-08
0.777778 89.444444 150000.000000 -4.01454221916788e-08
0.888889 89.444444 150000.000000 -4.01454221913419e-08
1.000000 89.444444 150000.000000 -4.01454221937598e-08
0.000000 89.555556 150000.000000 2.77114428477871e-07
0.111111 89.555556 150000.000000 2.77114428476789e-07
0.222222 89.555556 150000.000000 2.77114428479089e-07
0.333333 89.555556 150000.000000 2.77114428478705e-07
0.444444 89.555556 150000.000000 2.77114428478857e-07
0.555556 89.555556 150000.000000 2.7711442847888e-07
0.666667 89.555556 150000.000000 2.77114428478735e-07
0.777778 89.555556 150000.000000 2.77114428479056e-07
0.888889 89.555556 150000.000000 2.77114428476786e-07
1.000000 89.555556 150000.000000 2.77114428477879e-07
0.000000 89.666667 150000.000000 4.79185116398331e-07
0.111111 89.666667 150000.000000 4.79185116399438e-07
0.222222 89.666667 150000.000000 4.79185116398001e-07
0.333333 89.666667 150000.000000 4.79185116398356e-07
0.444444 89.666667 150000.000000 4.7918511639781e-07
0.555556 89.666667 150000.000000 4.79185116397766e-07
0.666667 89.666667 150000.000000 4.79185116398446e-07
0.777778 89.666667 150000.000000 4.79185116397949e-07
0.888889 89.666667 150000.000000 4.79185116399467e-07
1.000000 89.666667 150000.000000 4.79185116398333e-07
0.000000 89.777778 150000.000000 5.60204426269948e-07
0.111111 89.777778 150000.000000 5.60204426268479e-07
0.222222 89.777778 150000.000000 5.60204426268327e-07
0.333333 89.777778 150000.000000 5.6020442626868e-07
0.444444 89.777778 150000.000000 5.60204426269441e-07
0.555556 89.777778 150000.000000 5.60204426269451e-07
0.666667 89.777778 150000.000000 5.60204426268746e-07
0.777778 89.777778 150000.000000 5.60204426268343e-07
0.888889 89.777778 150000.000000 5.60204426268483e-07
1.000000 89.777778 150000.000000 5.60204426269953e-07
0.000000 89.888889 150000.000000 5.67805201676242e-07
0.111111 89.888889 150000.000000 5.67805201676195e-07
0.222222 89.888889 150000.000000 5.67805201674799e-07
0.333333 89.888889 150000.000000 5.67805201675906e-07
0.444444 89.888889 150000.000000 5.67805201675246e-07
0.555556 89.888889 150000.000000 5.67805201675247e-07
0.666667 89.888889 150000.000000 5.67805201675919e-07
0.777778 89.888889 150000.000000 5.67805201674826e-07
0.888889 89.888889 150000.000000 5.67805201676219e-07
1.000000 89.888889 150000.000000 5.67805201676248e-07
0.000000 90.000000 150000.000000 5.61577609412552e-07
0.111111 90.000000 150000.000000 5.61577609412552e-07
0.222222 90.000000 150000.000000 5.61577609412552e-07
0.333333 90.000000 150000.000000 5.61577609412552e-07
0.444444 90.000000 150000.000000 5.61577609412552e-07
0.555556 90.000000 150000.000000 5.61577609412552e-07
0.666667 90.000000 150000.000000 5.61577609412552e-07
0.777778 90.000000 150000.000000 5.61577609412552e-07
0.888889 90.000000 150000.000000 5.61577609412552e-07
1.000000 90.000000 150000.000000 5.61577609412552e-07
