# gzzz component calculated with tessgzzz 2017:
#   local time: Sun Mar 11 03:08:51 2018
#   model file: tesseroid_vs_spherical_shell_files/model-size1.0.tess (64800 tesseroids)
#   GLQ order: 2 lon / 2 lat / 2 r
#   Use recursive division of tesseroids: True
#   Distance-size ratio for recusive division: 42.5
0.000000 89.000000 10000.000000 -3.28302410482148e-07
0.111111 89.000000 10000.000000 -3.28302116990042e-07
0.222222 89.000000 10000.000000 -3.2830144205153e-07
0.333333 89.000000 10000.000000 -3.28301327849137e-07
0.444444 89.000000 10000.000000 -3.2830166801651e-07
0.555556 89.000000 10000.000000 -3.28301667768992e-07
0.666667 89.000000 10000.000000 -3.28301327773467e-07
0.777778 89.000000 10000.000000 -3.28301441858884e-07
0.888889 89.000000 10000.000000 -3.28302116983097e-07
1.000000 89.000000 10000.000000 -3.28302410476617e-07
0.000000 89.111111 10000.000000 -3.28279736930676e-07
0.111111 89.111111 10000.000000 -3.28278737933475e-07
0.222222 89.111111 10000.000000 -3.28279672889724e-07
0.333333 89.111111 10000.000000 -3.28280118086578e-07
0.444444 89.111111 10000.000000 -3.28279589153894e-07
0.555556 89.111111 10000.000000 -3.2827958919406e-07
0.666667 89.111111 10000.000000 -3.28280118027208e-07
0.777778 89.111111 10000.000000 -3.28279672903029e-07
0.888889 89.111111 10000.000000 -3.28278738418637e-07
1.000000 89.111111 10000.000000 -3.28279736964729e-07
0.000000 89.222222 10000.000000 -3.28259233427677e-07
0.111111 89.222222 10000.000000 -3.28259438728258e-07
0.222222 89.222222 10000.000000 -3.28259693502058e-07
0.333333 89.222222 10000.000000 -3.28259891297322e-07
0.444444 89.222222 10000.000000 -3.28259706946124e-07
0.555556 89.222222 10000.000000 -3.28259706861535e-07
0.666667 89.222222 10000.000000 -3.28259891255722e-07
0.777778 89.222222 10000.000000 -3.28259693307422e-07
0.888889 89.222222 10000.000000 -3.28259438702638e-07
1.000000 89.222222 10000.000000 -3.28259233336511e-07
0.000000 89.333333 10000.000000 -3.28236231908102e-07
0.111111 89.333333 10000.000000 -3.28235939868287e-07
0.222222 89.333333 10000.000000 -3.28236033068234e-07
0.333333 89.333333 10000.000000 -3.28235854370038e-07
0.444444 89.333333 10000.000000 -3.28235801893593e-07
0.555556 89.333333 10000.000000 -3.2823580191731e-07
0.666667 89.333333 10000.000000 -3.2823585426979e-07
0.777778 89.333333 10000.000000 -3.28236032987947e-07
0.888889 89.333333 10000.000000 -3.28235939795338e-07
1.000000 89.333333 10000.000000 -3.2823623182512e-07
0.000000 89.444444 10000.000000 -3.28228994210533e-07
0.111111 89.444444 10000.000000 -3.28227384578372e-07
0.222222 89.444444 10000.000000 -3.28229060467673e-07
0.333333 89.444444 10000.000000 -3.28228094714361e-07
0.444444 89.444444 10000.000000 -3.28228025898913e-07
0.555556 89.444444 10000.000000 -3.28228025956105e-07
0.666667 89.444444 10000.000000 -3.28228094632067e-07
0.777778 89.444444 10000.000000 -3.2822906035593e-07
0.888889 89.444444 10000.000000 -3.28227384568612e-07
1.000000 89.444444 10000.000000 -3.2822899418221e-07
0.000000 89.555556 10000.000000 -3.28250512212766e-07
0.111111 89.555556 10000.000000 -3.28251130898429e-07
0.222222 89.555556 10000.000000 -3.28250515784114e-07
0.333333 89.555556 10000.000000 -3.28251042444614e-07
0.444444 89.555556 10000.000000 -3.28251289880027e-07
0.555556 89.555556 10000.000000 -3.28251289928898e-07
0.666667 89.555556 10000.000000 -3.28251042185314e-07
0.777778 89.555556 10000.000000 -3.28250515836842e-07
0.888889 89.555556 10000.000000 -3.28251131005866e-07
1.000000 89.555556 10000.000000 -3.28250512254025e-07
0.000000 89.666667 10000.000000 -3.28236504472066e-07
0.111111 89.666667 10000.000000 -3.28236583166761e-07
0.222222 89.666667 10000.000000 -3.28236244637702e-07
0.333333 89.666667 10000.000000 -3.28236467444594e-07
0.444444 89.666667 10000.000000 -3.28236312190566e-07
0.555556 89.666667 10000.000000 -3.28236312222753e-07
0.666667 89.666667 10000.000000 -3.28236467434657e-07
0.777778 89.666667 10000.000000 -3.28236244639304e-07
0.888889 89.666667 10000.000000 -3.2823658316237e-07
1.000000 89.666667 10000.000000 -3.28236504437668e-07
0.000000 89.777778 10000.000000 -3.28305097210674e-07
0.111111 89.777778 10000.000000 -3.28303623408986e-07
0.222222 89.777778 10000.000000 -3.28304652702476e-07
0.333333 89.777778 10000.000000 -3.28304313352514e-07
0.444444 89.777778 10000.000000 -3.28305179753416e-07
0.555556 89.777778 10000.000000 -3.28305179754072e-07
0.666667 89.777778 10000.000000 -3.28304313356185e-07
0.777778 89.777778 10000.000000 -3.28304652515389e-07
0.888889 89.777778 10000.000000 -3.28303623431691e-07
1.000000 89.777778 10000.000000 -3.28305097208961e-07
0.000000 89.888889 10000.000000 -3.28255676604809e-07
0.111111 89.888889 10000.000000 -3.28256240439906e-07
0.222222 89.888889 10000.000000 -3.28256173406067e-07
0.333333 89.888889 10000.000000 -3.28256138667801e-07
0.444444 89.888889 10000.000000 -3.28256173625998e-07
0.555556 89.888889 10000.000000 -3.28256173384718e-07
0.666667 89.888889 10000.000000 -3.28256138687582e-07
0.777778 89.888889 10000.000000 -3.28256173378633e-07
0.888889 89.888889 10000.000000 -3.28256240462089e-07
1.000000 89.888889 10000.000000 -3.28255676604227e-07
0.000000 90.000000 10000.000000 -3.28066753853653e-07
0.111111 90.000000 10000.000000 -3.28066753853653e-07
0.222222 90.000000 10000.000000 -3.28066753853653e-07
0.333333 90.000000 10000.000000 -3.28066753853653e-07
0.444444 90.000000 10000.000000 -3.28066753853653e-07
0.555556 90.000000 10000.000000 -3.28066753853653e-07
0.666667 90.000000 10000.000000 -3.28066753853653e-07
0.777778 90.000000 10000.000000 -3.28066753853653e-07
0.888889 90.000000 10000.000000 -3.28066753853653e-07
1.000000 90.000000 10000.000000 -3.28066753853653e-07
