# gzzz component calculated with tessgzzz 2017:
#   local time: Sun Mar 11 02:54:12 2018
#   model file: tesseroid_vs_spherical_shell_files/model-size1.0.tess (64800 tesseroids)
#   GLQ order: 2 lon / 2 lat / 2 r
#   Use recursive division of tesseroids: True
#   Distance-size ratio for recusive division: 32.5
0.000000 89.000000 6000.000000 -3.28476538378889e-07
0.111111 89.000000 6000.000000 -3.28474923131624e-07
0.222222 89.000000 6000.000000 -3.28475673457294e-07
0.333333 89.000000 6000.000000 -3.284758988786e-07
0.444444 89.000000 6000.000000 -3.28475898630987e-07
0.555556 89.000000 6000.000000 -3.28475898071681e-07
0.666667 89.000000 6000.000000 -3.28475899058759e-07
0.777778 89.000000 6000.000000 -3.28475673640974e-07
0.888889 89.000000 6000.000000 -3.28474924527849e-07
1.000000 89.000000 6000.000000 -3.28476538460341e-07
0.000000 89.111111 6000.000000 -3.28572017186758e-07
0.111111 89.111111 6000.000000 -3.28577708592348e-07
0.222222 89.111111 6000.000000 -3.28578150209462e-07
0.333333 89.111111 6000.000000 -3.28582066096041e-07
0.444444 89.111111 6000.000000 -3.28584117502812e-07
0.555556 89.111111 6000.000000 -3.28584117378822e-07
0.666667 89.111111 6000.000000 -3.28582066318599e-07
0.777778 89.111111 6000.000000 -3.2857815002034e-07
0.888889 89.111111 6000.000000 -3.28577709144707e-07
1.000000 89.111111 6000.000000 -3.28572016904151e-07
0.000000 89.222222 6000.000000 -3.28844317064872e-07
0.111111 89.222222 6000.000000 -3.28831134449538e-07
0.222222 89.222222 6000.000000 -3.2883434760231e-07
0.333333 89.222222 6000.000000 -3.28835902653259e-07
0.444444 89.222222 6000.000000 -3.28842041881443e-07
0.555556 89.222222 6000.000000 -3.28842042131559e-07
0.666667 89.222222 6000.000000 -3.28835902151199e-07
0.777778 89.222222 6000.000000 -3.28834348026466e-07
0.888889 89.222222 6000.000000 -3.28831134442345e-07
1.000000 89.222222 6000.000000 -3.28844316870255e-07
0.000000 89.333333 6000.000000 -3.28851363514663e-07
0.111111 89.333333 6000.000000 -3.28851954547089e-07
0.222222 89.333333 6000.000000 -3.28849598942119e-07
0.333333 89.333333 6000.000000 -3.28848354993387e-07
0.444444 89.333333 6000.000000 -3.28845530849737e-07
0.555556 89.333333 6000.000000 -3.28845530908581e-07
0.666667 89.333333 6000.000000 -3.28848354942464e-07
0.777778 89.333333 6000.000000 -3.28849598997234e-07
0.888889 89.333333 6000.000000 -3.28851954263385e-07
1.000000 89.333333 6000.000000 -3.28851363199801e-07
0.000000 89.444444 6000.000000 -3.28580442699206e-07
0.111111 89.444444 6000.000000 -3.2858927256281e-07
0.222222 89.444444 6000.000000 -3.28580187812441e-07
0.333333 89.444444 6000.000000 -3.28588115647004e-07
0.444444 89.444444 6000.000000 -3.28585729330134e-07
0.555556 89.444444 6000.000000 -3.28585729116137e-07
0.666667 89.444444 6000.000000 -3.28588115751896e-07
0.777778 89.444444 6000.000000 -3.28580187713838e-07
0.888889 89.444444 6000.000000 -3.28589272449411e-07
1.000000 89.444444 6000.000000 -3.28580442849793e-07
0.000000 89.555556 6000.000000 -3.28534445121212e-07
0.111111 89.555556 6000.000000 -3.28551588743338e-07
0.222222 89.555556 6000.000000 -3.28537785705149e-07
0.333333 89.555556 6000.000000 -3.28548517370924e-07
0.444444 89.555556 6000.000000 -3.28537731635343e-07
0.555556 89.555556 6000.000000 -3.28537731543344e-07
0.666667 89.555556 6000.000000 -3.28548517800767e-07
0.777778 89.555556 6000.000000 -3.28537784775948e-07
0.888889 89.555556 6000.000000 -3.28551587096314e-07
1.000000 89.555556 6000.000000 -3.28534445366918e-07
0.000000 89.666667 6000.000000 -3.28873200511742e-07
0.111111 89.666667 6000.000000 -3.28880809043048e-07
0.222222 89.666667 6000.000000 -3.28881260164659e-07
0.333333 89.666667 6000.000000 -3.28878669359331e-07
0.444444 89.666667 6000.000000 -3.28879408750789e-07
0.555556 89.666667 6000.000000 -3.28879408808989e-07
0.666667 89.666667 6000.000000 -3.28878669454411e-07
0.777778 89.666667 6000.000000 -3.28881260306369e-07
0.888889 89.666667 6000.000000 -3.2888080906741e-07
1.000000 89.666667 6000.000000 -3.28873200244527e-07
0.000000 89.777778 6000.000000 -3.28448109823542e-07
0.111111 89.777778 6000.000000 -3.28449843842654e-07
0.222222 89.777778 6000.000000 -3.28455744434952e-07
0.333333 89.777778 6000.000000 -3.28453341768383e-07
0.444444 89.777778 6000.000000 -3.28452888999227e-07
0.555556 89.777778 6000.000000 -3.28452889005695e-07
0.666667 89.777778 6000.000000 -3.28453341974742e-07
0.777778 89.777778 6000.000000 -3.28455744398838e-07
0.888889 89.777778 6000.000000 -3.28449843796137e-07
1.000000 89.777778 6000.000000 -3.2844810985495e-07
0.000000 89.888889 6000.000000 -3.28364567896066e-07
0.111111 89.888889 6000.000000 -3.28361822288625e-07
0.222222 89.888889 6000.000000 -3.28359618123048e-07
0.333333 89.888889 6000.000000 -3.28360453573341e-07
0.444444 89.888889 6000.000000 -3.28361963217518e-07
0.555556 89.888889 6000.000000 -3.28361963048629e-07
0.666667 89.888889 6000.000000 -3.28360453494112e-07
0.777778 89.888889 6000.000000 -3.28359618332757e-07
0.888889 89.888889 6000.000000 -3.2836182238122e-07
1.000000 89.888889 6000.000000 -3.28364567945014e-07
0.000000 90.000000 6000.000000 -3.28582897335357e-07
0.111111 90.000000 6000.000000 -3.28582897335357e-07
0.222222 90.000000 6000.000000 -3.28582897335357e-07
0.333333 90.000000 6000.000000 -3.28582897335357e-07
0.444444 90.000000 6000.000000 -3.28582897335357e-07
0.555556 90.000000 6000.000000 -3.28582897335357e-07
0.666667 90.000000 6000.000000 -3.28582897335357e-07
0.777778 90.000000 6000.000000 -3.28582897335357e-07
0.888889 90.000000 6000.000000 -3.28582897335357e-07
1.000000 90.000000 6000.000000 -3.28582897335357e-07
