# gzzz component calculated with tessgzzz 2017:
#   local time: Sun Mar 11 03:13:03 2018
#   model file: tesseroid_vs_spherical_shell_files/model-size1.0.tess (64800 tesseroids)
#   GLQ order: 2 lon / 2 lat / 2 r
#   Use recursive division of tesseroids: True
#   Distance-size ratio for recusive division: 40
0.000000 89.000000 50000.000000 -3.20115375234046e-07
0.111111 89.000000 50000.000000 -3.20115366827283e-07
0.222222 89.000000 50000.000000 -3.2011537889737e-07
0.333333 89.000000 50000.000000 -3.20115387956139e-07
0.444444 89.000000 50000.000000 -3.20115384767126e-07
0.555556 89.000000 50000.000000 -3.20115384767729e-07
0.666667 89.000000 50000.000000 -3.20115387955789e-07
0.777778 89.000000 50000.000000 -3.20115378895491e-07
0.888889 89.000000 50000.000000 -3.20115366827976e-07
1.000000 89.000000 50000.000000 -3.20115375234304e-07
0.000000 89.111111 50000.000000 -3.20115140298414e-07
0.111111 89.111111 50000.000000 -3.20115140165891e-07
0.222222 89.111111 50000.000000 -3.20115170809366e-07
0.333333 89.111111 50000.000000 -3.20115219064761e-07
0.444444 89.111111 50000.000000 -3.20115220913539e-07
0.555556 89.111111 50000.000000 -3.20115220912936e-07
0.666667 89.111111 50000.000000 -3.20115219064588e-07
0.777778 89.111111 50000.000000 -3.20115170808332e-07
0.888889 89.111111 50000.000000 -3.20115140165097e-07
1.000000 89.111111 50000.000000 -3.20115140297994e-07
0.000000 89.222222 50000.000000 -3.2011509351184e-07
0.111111 89.222222 50000.000000 -3.20115110343368e-07
0.222222 89.222222 50000.000000 -3.20115143229153e-07
0.333333 89.222222 50000.000000 -3.20115149641636e-07
0.444444 89.222222 50000.000000 -3.20115146637241e-07
0.555556 89.222222 50000.000000 -3.20115146637314e-07
0.666667 89.222222 50000.000000 -3.20115149640189e-07
0.777778 89.222222 50000.000000 -3.20115143227947e-07
0.888889 89.222222 50000.000000 -3.20115110342798e-07
1.000000 89.222222 50000.000000 -3.20115093511879e-07
0.000000 89.333333 50000.000000 -3.20115677283251e-07
0.111111 89.333333 50000.000000 -3.20115627340192e-07
0.222222 89.333333 50000.000000 -3.20115625722374e-07
0.333333 89.333333 50000.000000 -3.20115626730909e-07
0.444444 89.333333 50000.000000 -3.20115626414931e-07
0.555556 89.333333 50000.000000 -3.20115626416264e-07
0.666667 89.333333 50000.000000 -3.2011562673122e-07
0.777778 89.333333 50000.000000 -3.20115625720007e-07
0.888889 89.333333 50000.000000 -3.2011562734093e-07
1.000000 89.333333 50000.000000 -3.20115677283166e-07
0.000000 89.444444 50000.000000 -3.20116925895783e-07
0.111111 89.444444 50000.000000 -3.20116926051973e-07
0.222222 89.444444 50000.000000 -3.20116879464338e-07
0.333333 89.444444 50000.000000 -3.20116869658149e-07
0.444444 89.444444 50000.000000 -3.2011687269278e-07
0.555556 89.444444 50000.000000 -3.20116872693127e-07
0.666667 89.444444 50000.000000 -3.20116869658232e-07
0.777778 89.444444 50000.000000 -3.20116879464194e-07
0.888889 89.444444 50000.000000 -3.20116926051514e-07
1.000000 89.444444 50000.000000 -3.2011692589524e-07
0.000000 89.555556 50000.000000 -3.20117460354923e-07
0.111111 89.555556 50000.000000 -3.20117460199186e-07
0.222222 89.555556 50000.000000 -3.20117460861193e-07
0.333333 89.555556 50000.000000 -3.20117458631348e-07
0.444444 89.555556 50000.000000 -3.20117459053474e-07
0.555556 89.555556 50000.000000 -3.20117459053371e-07
0.666667 89.555556 50000.000000 -3.20117458630693e-07
0.777778 89.555556 50000.000000 -3.20117460860564e-07
0.888889 89.555556 50000.000000 -3.20117460199025e-07
1.000000 89.555556 50000.000000 -3.20117460354937e-07
0.000000 89.666667 50000.000000 -3.20117685748742e-07
0.111111 89.666667 50000.000000 -3.20117685011921e-07
0.222222 89.666667 50000.000000 -3.20117686580762e-07
0.333333 89.666667 50000.000000 -3.2011768671447e-07
0.444444 89.666667 50000.000000 -3.2011768366413e-07
0.555556 89.666667 50000.000000 -3.20117683664474e-07
0.666667 89.666667 50000.000000 -3.20117686712396e-07
0.777778 89.666667 50000.000000 -3.20117686581132e-07
0.888889 89.666667 50000.000000 -3.20117685010707e-07
1.000000 89.666667 50000.000000 -3.20117685748702e-07
0.000000 89.777778 50000.000000 -3.20116892026702e-07
0.111111 89.777778 50000.000000 -3.20116893634045e-07
0.222222 89.777778 50000.000000 -3.2011689183168e-07
0.333333 89.777778 50000.000000 -3.20116895033188e-07
0.444444 89.777778 50000.000000 -3.20116893405693e-07
0.555556 89.777778 50000.000000 -3.20116893405498e-07
0.666667 89.777778 50000.000000 -3.20116895033379e-07
0.777778 89.777778 50000.000000 -3.20116891832166e-07
0.888889 89.777778 50000.000000 -3.20116893634285e-07
1.000000 89.777778 50000.000000 -3.20116892026615e-07
0.000000 89.888889 50000.000000 -3.20115194677541e-07
0.111111 89.888889 50000.000000 -3.20115195592952e-07
0.222222 89.888889 50000.000000 -3.20115195487622e-07
0.333333 89.888889 50000.000000 -3.20115196601188e-07
0.444444 89.888889 50000.000000 -3.20115197436868e-07
0.555556 89.888889 50000.000000 -3.20115197437066e-07
0.666667 89.888889 50000.000000 -3.20115196600809e-07
0.777778 89.888889 50000.000000 -3.20115195487517e-07
0.888889 89.888889 50000.000000 -3.20115195592742e-07
1.000000 89.888889 50000.000000 -3.2011519467753e-07
0.000000 90.000000 50000.000000 -3.20113994158672e-07
0.111111 90.000000 50000.000000 -3.20113994158672e-07
0.222222 90.000000 50000.000000 -3.20113994158672e-07
0.333333 90.000000 50000.000000 -3.20113994158672e-07
0.444444 90.000000 50000.000000 -3.20113994158672e-07
0.555556 90.000000 50000.000000 -3.20113994158672e-07
0.666667 90.000000 50000.000000 -3.20113994158672e-07
0.777778 90.000000 50000.000000 -3.20113994158672e-07
0.888889 90.000000 50000.000000 -3.20113994158672e-07
1.000000 90.000000 50000.000000 -3.20113994158672e-07
