# gzzz component calculated with tessgzzz 2017:
#   local time: Sun Mar 11 03:16:39 2018
#   model file: tesseroid_vs_spherical_shell_files/model-size1.0.tess (64800 tesseroids)
#   GLQ order: 2 lon / 2 lat / 2 r
#   Use recursive division of tesseroids: True
#   Distance-size ratio for recusive division: 50
0.000000 89.000000 150000.000000 -3.00948642677937e-07
0.111111 89.000000 150000.000000 -3.00948642591106e-07
0.222222 89.000000 150000.000000 -3.00948642678141e-07
0.333333 89.000000 150000.000000 -3.00948642876062e-07
0.444444 89.000000 150000.000000 -3.00948642993874e-07
0.555556 89.000000 150000.000000 -3.00948642994007e-07
0.666667 89.000000 150000.000000 -3.00948642875977e-07
0.777778 89.000000 150000.000000 -3.00948642678362e-07
0.888889 89.000000 150000.000000 -3.00948642591205e-07
1.000000 89.000000 150000.000000 -3.00948642677903e-07
0.000000 89.111111 150000.000000 -3.00948645801864e-07
0.111111 89.111111 150000.000000 -3.00948645991007e-07
0.222222 89.111111 150000.000000 -3.00948645849491e-07
0.333333 89.111111 150000.000000 -3.00948645983587e-07
0.444444 89.111111 150000.000000 -3.00948646160054e-07
0.555556 89.111111 150000.000000 -3.00948646160157e-07
0.666667 89.111111 150000.000000 -3.00948645984032e-07
0.777778 89.111111 150000.000000 -3.00948645849234e-07
0.888889 89.111111 150000.000000 -3.00948645990761e-07
1.000000 89.111111 150000.000000 -3.00948645801912e-07
0.000000 89.222222 150000.000000 -3.0094864673438e-07
0.111111 89.222222 150000.000000 -3.00948646375273e-07
0.222222 89.222222 150000.000000 -3.00948646488711e-07
0.333333 89.222222 150000.000000 -3.00948646369979e-07
0.444444 89.222222 150000.000000 -3.00948646396833e-07
0.555556 89.222222 150000.000000 -3.00948646396691e-07
0.666667 89.222222 150000.000000 -3.00948646370123e-07
0.777778 89.222222 150000.000000 -3.00948646488757e-07
0.888889 89.222222 150000.000000 -3.00948646375507e-07
1.000000 89.222222 150000.000000 -3.00948646734347e-07
0.000000 89.333333 150000.000000 -3.00948695224513e-07
0.111111 89.333333 150000.000000 -3.0094869539742e-07
0.222222 89.333333 150000.000000 -3.00948695778019e-07
0.333333 89.333333 150000.000000 -3.00948695594096e-07
0.444444 89.333333 150000.000000 -3.00948695754883e-07
0.555556 89.333333 150000.000000 -3.00948695754955e-07
0.666667 89.333333 150000.000000 -3.00948695594192e-07
0.777778 89.333333 150000.000000 -3.00948695777828e-07
0.888889 89.333333 150000.000000 -3.00948695397331e-07
1.000000 89.333333 150000.000000 -3.00948695224485e-07
0.000000 89.444444 150000.000000 -3.00948720566009e-07
0.111111 89.444444 150000.000000 -3.00948720519624e-07
0.222222 89.444444 150000.000000 -3.00948720580092e-07
0.333333 89.444444 150000.000000 -3.00948720551636e-07
0.444444 89.444444 150000.000000 -3.00948720594247e-07
0.555556 89.444444 150000.000000 -3.00948720594541e-07
0.666667 89.444444 150000.000000 -3.0094872055147e-07
0.777778 89.444444 150000.000000 -3.00948720580157e-07
0.888889 89.444444 150000.000000 -3.00948720519929e-07
1.000000 89.444444 150000.000000 -3.00948720565993e-07
0.000000 89.555556 150000.000000 -3.0094872993273e-07
0.111111 89.555556 150000.000000 -3.00948729770255e-07
0.222222 89.555556 150000.000000 -3.00948729538171e-07
0.333333 89.555556 150000.000000 -3.00948729631655e-07
0.444444 89.555556 150000.000000 -3.00948729841636e-07
0.555556 89.555556 150000.000000 -3.00948729841427e-07
0.666667 89.555556 150000.000000 -3.00948729631844e-07
0.777778 89.555556 150000.000000 -3.00948729537815e-07
0.888889 89.555556 150000.000000 -3.00948729770347e-07
1.000000 89.555556 150000.000000 -3.00948729932726e-07
0.000000 89.666667 150000.000000 -3.0094872421617e-07
0.111111 89.666667 150000.000000 -3.00948724143913e-07
0.222222 89.666667 150000.000000 -3.00948724012236e-07
0.333333 89.666667 150000.000000 -3.0094872425067e-07
0.444444 89.666667 150000.000000 -3.00948724534592e-07
0.555556 89.666667 150000.000000 -3.00948724534715e-07
0.666667 89.666667 150000.000000 -3.00948724250781e-07
0.777778 89.666667 150000.000000 -3.00948724012325e-07
0.888889 89.666667 150000.000000 -3.00948724143833e-07
1.000000 89.666667 150000.000000 -3.00948724216155e-07
0.000000 89.777778 150000.000000 -3.00948717035992e-07
0.111111 89.777778 150000.000000 -3.00948717103124e-07
0.222222 89.777778 150000.000000 -3.00948717053174e-07
0.333333 89.777778 150000.000000 -3.0094871694618e-07
0.444444 89.777778 150000.000000 -3.00948716940081e-07
0.555556 89.777778 150000.000000 -3.00948716939883e-07
0.666667 89.777778 150000.000000 -3.00948716946434e-07
0.777778 89.777778 150000.000000 -3.00948717053216e-07
0.888889 89.777778 150000.000000 -3.00948717103275e-07
1.000000 89.777778 150000.000000 -3.00948717035993e-07
0.000000 89.888889 150000.000000 -3.0094870698024e-07
0.111111 89.888889 150000.000000 -3.0094870710961e-07
0.222222 89.888889 150000.000000 -3.00948706885372e-07
0.333333 89.888889 150000.000000 -3.00948706754435e-07
0.444444 89.888889 150000.000000 -3.00948706745173e-07
0.555556 89.888889 150000.000000 -3.00948706745333e-07
0.666667 89.888889 150000.000000 -3.00948706754071e-07
0.777778 89.888889 150000.000000 -3.00948706885487e-07
0.888889 89.888889 150000.000000 -3.00948707109593e-07
1.000000 89.888889 150000.000000 -3.00948706980249e-07
0.000000 90.000000 150000.000000 -3.00948713394923e-07
0.111111 90.000000 150000.000000 -3.00948713394923e-07
0.222222 90.000000 150000.000000 -3.00948713394923e-07
0.333333 90.000000 150000.000000 -3.00948713394923e-07
0.444444 90.000000 150000.000000 -3.00948713394923e-07
0.555556 90.000000 150000.000000 -3.00948713394923e-07
0.666667 90.000000 150000.000000 -3.00948713394923e-07
0.777778 90.000000 150000.000000 -3.00948713394923e-07
0.888889 90.000000 150000.000000 -3.00948713394923e-07
1.000000 90.000000 150000.000000 -3.00948713394923e-07
