# gzzz component calculated with tessgzzz 2017:
#   local time: Sun Mar 11 03:16:27 2018
#   model file: tesseroid_vs_spherical_shell_files/model-size1.0.tess (64800 tesseroids)
#   GLQ order: 2 lon / 2 lat / 2 r
#   Use recursive division of tesseroids: True
#   Distance-size ratio for recusive division: 47.5
0.000000 89.000000 150000.000000 -3.0094869212678e-07
0.111111 89.000000 150000.000000 -3.00948692122072e-07
0.222222 89.000000 150000.000000 -3.00948691864228e-07
0.333333 89.000000 150000.000000 -3.00948691804342e-07
0.444444 89.000000 150000.000000 -3.00948692301108e-07
0.555556 89.000000 150000.000000 -3.00948692301233e-07
0.666667 89.000000 150000.000000 -3.00948691804404e-07
0.777778 89.000000 150000.000000 -3.00948691864443e-07
0.888889 89.000000 150000.000000 -3.00948692122064e-07
1.000000 89.000000 150000.000000 -3.00948692126767e-07
0.000000 89.111111 150000.000000 -3.00948697311106e-07
0.111111 89.111111 150000.000000 -3.00948696955437e-07
0.222222 89.111111 150000.000000 -3.00948697134869e-07
0.333333 89.111111 150000.000000 -3.00948697205203e-07
0.444444 89.111111 150000.000000 -3.00948697355252e-07
0.555556 89.111111 150000.000000 -3.00948697355439e-07
0.666667 89.111111 150000.000000 -3.00948697205596e-07
0.777778 89.111111 150000.000000 -3.00948697134909e-07
0.888889 89.111111 150000.000000 -3.00948696955279e-07
1.000000 89.111111 150000.000000 -3.00948697311159e-07
0.000000 89.222222 150000.000000 -3.00948686721632e-07
0.111111 89.222222 150000.000000 -3.0094868720703e-07
0.222222 89.222222 150000.000000 -3.00948687182474e-07
0.333333 89.222222 150000.000000 -3.00948686857841e-07
0.444444 89.222222 150000.000000 -3.00948686911876e-07
0.555556 89.222222 150000.000000 -3.00948686911797e-07
0.666667 89.222222 150000.000000 -3.00948686857923e-07
0.777778 89.222222 150000.000000 -3.00948687182546e-07
0.888889 89.222222 150000.000000 -3.00948687207348e-07
1.000000 89.222222 150000.000000 -3.00948686721568e-07
0.000000 89.333333 150000.000000 -3.00948652747456e-07
0.111111 89.333333 150000.000000 -3.00948652773177e-07
0.222222 89.333333 150000.000000 -3.00948652617131e-07
0.333333 89.333333 150000.000000 -3.00948652347614e-07
0.444444 89.333333 150000.000000 -3.00948652416422e-07
0.555556 89.333333 150000.000000 -3.00948652416509e-07
0.666667 89.333333 150000.000000 -3.00948652347651e-07
0.777778 89.333333 150000.000000 -3.00948652617034e-07
0.888889 89.333333 150000.000000 -3.00948652773124e-07
1.000000 89.333333 150000.000000 -3.00948652747443e-07
0.000000 89.444444 150000.000000 -3.00948690981609e-07
0.111111 89.444444 150000.000000 -3.00948690805288e-07
0.222222 89.444444 150000.000000 -3.00948690845128e-07
0.333333 89.444444 150000.000000 -3.00948690912696e-07
0.444444 89.444444 150000.000000 -3.00948691094793e-07
0.555556 89.444444 150000.000000 -3.00948691095013e-07
0.666667 89.444444 150000.000000 -3.00948690912535e-07
0.777778 89.444444 150000.000000 -3.00948690845071e-07
0.888889 89.444444 150000.000000 -3.00948690805524e-07
1.000000 89.444444 150000.000000 -3.00948690981602e-07
0.000000 89.555556 150000.000000 -3.00948755129267e-07
0.111111 89.555556 150000.000000 -3.00948755180703e-07
0.222222 89.555556 150000.000000 -3.00948755204509e-07
0.333333 89.555556 150000.000000 -3.00948755102331e-07
0.444444 89.555556 150000.000000 -3.00948755191702e-07
0.555556 89.555556 150000.000000 -3.00948755191555e-07
0.666667 89.555556 150000.000000 -3.00948755102584e-07
0.777778 89.555556 150000.000000 -3.00948755204253e-07
0.888889 89.555556 150000.000000 -3.00948755180813e-07
1.000000 89.555556 150000.000000 -3.00948755129257e-07
0.000000 89.666667 150000.000000 -3.00948787583364e-07
0.111111 89.666667 150000.000000 -3.00948787665416e-07
0.222222 89.666667 150000.000000 -3.00948787869454e-07
0.333333 89.666667 150000.000000 -3.00948787793429e-07
0.444444 89.666667 150000.000000 -3.00948787841632e-07
0.555556 89.666667 150000.000000 -3.00948787841821e-07
0.666667 89.666667 150000.000000 -3.00948787793483e-07
0.777778 89.666667 150000.000000 -3.00948787869539e-07
0.888889 89.666667 150000.000000 -3.0094878766533e-07
1.000000 89.666667 150000.000000 -3.0094878758336e-07
0.000000 89.777778 150000.000000 -3.00948801563316e-07
0.111111 89.777778 150000.000000 -3.00948801523751e-07
0.222222 89.777778 150000.000000 -3.00948801492314e-07
0.333333 89.777778 150000.000000 -3.00948801571471e-07
0.444444 89.777778 150000.000000 -3.00948801507583e-07
0.555556 89.777778 150000.000000 -3.00948801507502e-07
0.666667 89.777778 150000.000000 -3.00948801571724e-07
0.777778 89.777778 150000.000000 -3.00948801492354e-07
0.888889 89.777778 150000.000000 -3.00948801523837e-07
1.000000 89.777778 150000.000000 -3.0094880156331e-07
0.000000 89.888889 150000.000000 -3.00948805786243e-07
0.111111 89.888889 150000.000000 -3.00948805826514e-07
0.222222 89.888889 150000.000000 -3.00948805767037e-07
0.333333 89.888889 150000.000000 -3.0094880574255e-07
0.444444 89.888889 150000.000000 -3.00948805777484e-07
0.555556 89.888889 150000.000000 -3.00948805777506e-07
0.666667 89.888889 150000.000000 -3.0094880574236e-07
0.777778 89.888889 150000.000000 -3.00948805767194e-07
0.888889 89.888889 150000.000000 -3.00948805826464e-07
1.000000 89.888889 150000.000000 -3.0094880578626e-07
0.000000 90.000000 150000.000000 -3.00948807191652e-07
0.111111 90.000000 150000.000000 -3.00948807191652e-07
0.222222 90.000000 150000.000000 -3.00948807191652e-07
0.333333 90.000000 150000.000000 -3.00948807191652e-07
0.444444 90.000000 150000.000000 -3.00948807191652e-07
0.555556 90.000000 150000.000000 -3.00948807191652e-07
0.666667 90.000000 150000.000000 -3.00948807191652e-07
0.777778 90.000000 150000.000000 -3.00948807191652e-07
0.888889 90.000000 150000.000000 -3.00948807191652e-07
1.000000 90.000000 150000.000000 -3.00948807191652e-07
