# gzzz component calculated with tessgzzz 2017:
#   local time: Sun Mar 11 03:11:19 2018
#   model file: tesseroid_vs_spherical_shell_files/model-size1.0.tess (64800 tesseroids)
#   GLQ order: 2 lon / 2 lat / 2 r
#   Use recursive division of tesseroids: True
#   Distance-size ratio for recusive division: 7.5
0.000000 89.000000 50000.000000 -3.21699841415171e-07
0.111111 89.000000 50000.000000 -3.21728175498917e-07
0.222222 89.000000 50000.000000 -3.21732097846102e-07
0.333333 89.000000 50000.000000 -3.21773494988585e-07
0.444444 89.000000 50000.000000 -3.21777187452989e-07
0.555556 89.000000 50000.000000 -3.21777187453227e-07
0.666667 89.000000 50000.000000 -3.21773494989124e-07
0.777778 89.000000 50000.000000 -3.21732097846243e-07
0.888889 89.000000 50000.000000 -3.21728175498979e-07
1.000000 89.000000 50000.000000 -3.21699841415199e-07
0.000000 89.111111 50000.000000 -3.21557078640484e-07
0.111111 89.111111 50000.000000 -3.21576054869002e-07
0.222222 89.111111 50000.000000 -3.21579695039824e-07
0.333333 89.111111 50000.000000 -3.21583746627895e-07
0.444444 89.111111 50000.000000 -3.21589160663548e-07
0.555556 89.111111 50000.000000 -3.21589160662614e-07
0.666667 89.111111 50000.000000 -3.21583746627689e-07
0.777778 89.111111 50000.000000 -3.21579695040233e-07
0.888889 89.111111 50000.000000 -3.21576054869152e-07
1.000000 89.111111 50000.000000 -3.2155707864061e-07
0.000000 89.222222 50000.000000 -3.2147358582124e-07
0.111111 89.222222 50000.000000 -3.21485012558242e-07
0.222222 89.222222 50000.000000 -3.21505794850466e-07
0.333333 89.222222 50000.000000 -3.21521980974152e-07
0.444444 89.222222 50000.000000 -3.21491213021876e-07
0.555556 89.222222 50000.000000 -3.21491213020207e-07
0.666667 89.222222 50000.000000 -3.21521980974723e-07
0.777778 89.222222 50000.000000 -3.21505794850896e-07
0.888889 89.222222 50000.000000 -3.21485012557447e-07
1.000000 89.222222 50000.000000 -3.21473585820994e-07
0.000000 89.333333 50000.000000 -3.21427909999964e-07
0.111111 89.333333 50000.000000 -3.21450308019203e-07
0.222222 89.333333 50000.000000 -3.21449206558888e-07
0.333333 89.333333 50000.000000 -3.21439749209176e-07
0.444444 89.333333 50000.000000 -3.21437388786482e-07
0.555556 89.333333 50000.000000 -3.21437388786755e-07
0.666667 89.333333 50000.000000 -3.21439749207377e-07
0.777778 89.333333 50000.000000 -3.21449206557298e-07
0.888889 89.333333 50000.000000 -3.21450308018819e-07
1.000000 89.333333 50000.000000 -3.2142791000009e-07
0.000000 89.444444 50000.000000 -3.21751957066506e-07
0.111111 89.444444 50000.000000 -3.21767487509371e-07
0.222222 89.444444 50000.000000 -3.21792911185377e-07
0.333333 89.444444 50000.000000 -3.21791077023188e-07
0.444444 89.444444 50000.000000 -3.21790746458415e-07
0.555556 89.444444 50000.000000 -3.21790746457905e-07
0.666667 89.444444 50000.000000 -3.21791077023974e-07
0.777778 89.444444 50000.000000 -3.21792911186145e-07
0.888889 89.444444 50000.000000 -3.21767487510105e-07
1.000000 89.444444 50000.000000 -3.21751957066893e-07
0.000000 89.555556 50000.000000 -3.21869626423387e-07
0.111111 89.555556 50000.000000 -3.21888579566413e-07
0.222222 89.555556 50000.000000 -3.2190142491813e-07
0.333333 89.555556 50000.000000 -3.21900793819483e-07
0.444444 89.555556 50000.000000 -3.21917818202551e-07
0.555556 89.555556 50000.000000 -3.2191781820187e-07
0.666667 89.555556 50000.000000 -3.2190079381744e-07
0.777778 89.555556 50000.000000 -3.21901424918008e-07
0.888889 89.555556 50000.000000 -3.21888579565376e-07
1.000000 89.555556 50000.000000 -3.21869626423435e-07
0.000000 89.666667 50000.000000 -3.22191429297459e-07
0.111111 89.666667 50000.000000 -3.22190859520618e-07
0.222222 89.666667 50000.000000 -3.22188824812108e-07
0.333333 89.666667 50000.000000 -3.22206818595632e-07
0.444444 89.666667 50000.000000 -3.22222675173992e-07
0.555556 89.666667 50000.000000 -3.22222675174205e-07
0.666667 89.666667 50000.000000 -3.22206818594988e-07
0.777778 89.666667 50000.000000 -3.22188824812107e-07
0.888889 89.666667 50000.000000 -3.22190859520406e-07
1.000000 89.666667 50000.000000 -3.22191429297436e-07
0.000000 89.777778 50000.000000 -3.21675021180056e-07
0.111111 89.777778 50000.000000 -3.21670591416823e-07
0.222222 89.777778 50000.000000 -3.21666890586997e-07
0.333333 89.777778 50000.000000 -3.2167652787843e-07
0.444444 89.777778 50000.000000 -3.21676544020995e-07
0.555556 89.777778 50000.000000 -3.21676544020896e-07
0.666667 89.777778 50000.000000 -3.21676527878003e-07
0.777778 89.777778 50000.000000 -3.21666890587232e-07
0.888889 89.777778 50000.000000 -3.21670591416505e-07
1.000000 89.777778 50000.000000 -3.2167502118015e-07
0.000000 89.888889 50000.000000 -3.21377077862565e-07
0.111111 89.888889 50000.000000 -3.21377090857263e-07
0.222222 89.888889 50000.000000 -3.21366955559029e-07
0.333333 89.888889 50000.000000 -3.21366812490331e-07
0.444444 89.888889 50000.000000 -3.21379800354777e-07
0.555556 89.888889 50000.000000 -3.21379800354737e-07
0.666667 89.888889 50000.000000 -3.21366812490536e-07
0.777778 89.888889 50000.000000 -3.21366955559484e-07
0.888889 89.888889 50000.000000 -3.21377090856839e-07
1.000000 89.888889 50000.000000 -3.21377077862506e-07
0.000000 90.000000 50000.000000 -3.21654667478857e-07
0.111111 90.000000 50000.000000 -3.21654667478857e-07
0.222222 90.000000 50000.000000 -3.21654667478857e-07
0.333333 90.000000 50000.000000 -3.21654667478857e-07
0.444444 90.000000 50000.000000 -3.21654667478857e-07
0.555556 90.000000 50000.000000 -3.21654667478857e-07
0.666667 90.000000 50000.000000 -3.21654667478857e-07
0.777778 90.000000 50000.000000 -3.21654667478857e-07
0.888889 90.000000 50000.000000 -3.21654667478857e-07
1.000000 90.000000 50000.000000 -3.21654667478857e-07
