# gzzz component calculated with tessgzzz 2017:
#   local time: Sun Mar 11 02:53:52 2018
#   model file: tesseroid_vs_spherical_shell_files/model-size1.0.tess (64800 tesseroids)
#   GLQ order: 2 lon / 2 lat / 2 r
#   Use recursive division of tesseroids: True
#   Distance-size ratio for recusive division: 30
0.000000 89.000000 6000.000000 -3.28592408980004e-07
0.111111 89.000000 6000.000000 -3.28589407757144e-07
0.222222 89.000000 6000.000000 -3.28588965949938e-07
0.333333 89.000000 6000.000000 -3.28590711256139e-07
0.444444 89.000000 6000.000000 -3.28593806819263e-07
0.555556 89.000000 6000.000000 -3.28593806880574e-07
0.666667 89.000000 6000.000000 -3.28590711259143e-07
0.777778 89.000000 6000.000000 -3.28588965889939e-07
0.888889 89.000000 6000.000000 -3.28589409176645e-07
1.000000 89.000000 6000.000000 -3.28592409123227e-07
0.000000 89.111111 6000.000000 -3.28797041486545e-07
0.111111 89.111111 6000.000000 -3.28790195484499e-07
0.222222 89.111111 6000.000000 -3.28786492166266e-07
0.333333 89.111111 6000.000000 -3.28786134340922e-07
0.444444 89.111111 6000.000000 -3.28782954472027e-07
0.555556 89.111111 6000.000000 -3.28782954257206e-07
0.666667 89.111111 6000.000000 -3.28786134410684e-07
0.777778 89.111111 6000.000000 -3.28786492251609e-07
0.888889 89.111111 6000.000000 -3.28790196995603e-07
1.000000 89.111111 6000.000000 -3.28797041480145e-07
0.000000 89.222222 6000.000000 -3.29083546851225e-07
0.111111 89.222222 6000.000000 -3.29096801717309e-07
0.222222 89.222222 6000.000000 -3.2909974869082e-07
0.333333 89.222222 6000.000000 -3.29087556332582e-07
0.444444 89.222222 6000.000000 -3.29089572276451e-07
0.555556 89.222222 6000.000000 -3.2908957248993e-07
0.666667 89.222222 6000.000000 -3.29087556355576e-07
0.777778 89.222222 6000.000000 -3.29099749015577e-07
0.888889 89.222222 6000.000000 -3.29096801611358e-07
1.000000 89.222222 6000.000000 -3.29083546697039e-07
0.000000 89.333333 6000.000000 -3.28769622440101e-07
0.111111 89.333333 6000.000000 -3.2876629945617e-07
0.222222 89.333333 6000.000000 -3.28764569863319e-07
0.333333 89.333333 6000.000000 -3.28761325621267e-07
0.444444 89.333333 6000.000000 -3.28759614462577e-07
0.555556 89.333333 6000.000000 -3.28759614560647e-07
0.666667 89.333333 6000.000000 -3.28761325555375e-07
0.777778 89.333333 6000.000000 -3.28764569858995e-07
0.888889 89.333333 6000.000000 -3.28766299081677e-07
1.000000 89.333333 6000.000000 -3.28769622276923e-07
0.000000 89.444444 6000.000000 -3.28610513498203e-07
0.111111 89.444444 6000.000000 -3.28599202816507e-07
0.222222 89.444444 6000.000000 -3.28609868861676e-07
0.333333 89.444444 6000.000000 -3.28605414706924e-07
0.444444 89.444444 6000.000000 -3.28610544872567e-07
0.555556 89.444444 6000.000000 -3.28610544977646e-07
0.666667 89.444444 6000.000000 -3.28605414773093e-07
0.777778 89.444444 6000.000000 -3.2860986891949e-07
0.888889 89.444444 6000.000000 -3.28599202806756e-07
1.000000 89.444444 6000.000000 -3.28610513702456e-07
0.000000 89.555556 6000.000000 -3.28865443111493e-07
0.111111 89.555556 6000.000000 -3.28892672345478e-07
0.222222 89.555556 6000.000000 -3.28876555934627e-07
0.333333 89.555556 6000.000000 -3.28889608313821e-07
0.444444 89.555556 6000.000000 -3.28889734887792e-07
0.555556 89.555556 6000.000000 -3.28889734794568e-07
0.666667 89.555556 6000.000000 -3.28889608120645e-07
0.777778 89.555556 6000.000000 -3.28876555398654e-07
0.888889 89.555556 6000.000000 -3.28892671457908e-07
1.000000 89.555556 6000.000000 -3.28865443405222e-07
0.000000 89.666667 6000.000000 -3.28747989163538e-07
0.111111 89.666667 6000.000000 -3.28745496243221e-07
0.222222 89.666667 6000.000000 -3.28750473694861e-07
0.333333 89.666667 6000.000000 -3.28748748217309e-07
0.444444 89.666667 6000.000000 -3.28744323520165e-07
0.555556 89.666667 6000.000000 -3.28744323534915e-07
0.666667 89.666667 6000.000000 -3.28748748339913e-07
0.777778 89.666667 6000.000000 -3.28750473793471e-07
0.888889 89.666667 6000.000000 -3.28745496212976e-07
1.000000 89.666667 6000.000000 -3.28747989058061e-07
0.000000 89.777778 6000.000000 -3.2866986954261e-07
0.111111 89.777778 6000.000000 -3.28662502678415e-07
0.222222 89.777778 6000.000000 -3.28661341682807e-07
0.333333 89.777778 6000.000000 -3.28660289063636e-07
0.444444 89.777778 6000.000000 -3.28660447036284e-07
0.555556 89.777778 6000.000000 -3.2866044712895e-07
0.666667 89.777778 6000.000000 -3.28660289106378e-07
0.777778 89.777778 6000.000000 -3.28661341550065e-07
0.888889 89.777778 6000.000000 -3.28662502675864e-07
1.000000 89.777778 6000.000000 -3.28669869500874e-07
0.000000 89.888889 6000.000000 -3.28272725852722e-07
0.111111 89.888889 6000.000000 -3.28267693162993e-07
0.222222 89.888889 6000.000000 -3.28267215319212e-07
0.333333 89.888889 6000.000000 -3.28267673949366e-07
0.444444 89.888889 6000.000000 -3.28267134032024e-07
0.555556 89.888889 6000.000000 -3.28267133905517e-07
0.666667 89.888889 6000.000000 -3.28267673801157e-07
0.777778 89.888889 6000.000000 -3.2826721545907e-07
0.888889 89.888889 6000.000000 -3.28267693303022e-07
1.000000 89.888889 6000.000000 -3.28272725940214e-07
0.000000 90.000000 6000.000000 -3.29354432842863e-07
0.111111 90.000000 6000.000000 -3.29354432842863e-07
0.222222 90.000000 6000.000000 -3.29354432842863e-07
0.333333 90.000000 6000.000000 -3.29354432842863e-07
0.444444 90.000000 6000.000000 -3.29354432842863e-07
0.555556 90.000000 6000.000000 -3.29354432842863e-07
0.666667 90.000000 6000.000000 -3.29354432842863e-07
0.777778 90.000000 6000.000000 -3.29354432842863e-07
0.888889 90.000000 6000.000000 -3.29354432842863e-07
1.000000 90.000000 6000.000000 -3.29354432842863e-07
