# gzzz component calculated with tessgzzz 2017:
#   local time: Sun Mar 11 02:50:41 2018
#   model file: tesseroid_vs_spherical_shell_files/model-size1.0.tess (64800 tesseroids)
#   GLQ order: 2 lon / 2 lat / 2 r
#   Use recursive division of tesseroids: True
#   Distance-size ratio for recusive division: 50
0.000000 89.000000 4000.000000 -3.29440776384382e-07
0.111111 89.000000 4000.000000 -3.29441829318766e-07
0.222222 89.000000 4000.000000 -3.29439738883658e-07
0.333333 89.000000 4000.000000 -3.2944142996548e-07
0.444444 89.000000 4000.000000 -3.2944161784719e-07
0.555556 89.000000 4000.000000 -3.29441617724842e-07
0.666667 89.000000 4000.000000 -3.29441429446949e-07
0.777778 89.000000 4000.000000 -3.2943973785712e-07
0.888889 89.000000 4000.000000 -3.29441828549381e-07
1.000000 89.000000 4000.000000 -3.29440776045994e-07
0.000000 89.111111 4000.000000 -3.29359415082515e-07
0.111111 89.111111 4000.000000 -3.29361474664598e-07
0.222222 89.111111 4000.000000 -3.29357666222558e-07
0.333333 89.111111 4000.000000 -3.29359773323276e-07
0.444444 89.111111 4000.000000 -3.29360147352795e-07
0.555556 89.111111 4000.000000 -3.29360148469921e-07
0.666667 89.111111 4000.000000 -3.29359781577336e-07
0.777778 89.111111 4000.000000 -3.29357667222766e-07
0.888889 89.111111 4000.000000 -3.29361476430561e-07
1.000000 89.111111 4000.000000 -3.29359415949644e-07
0.000000 89.222222 4000.000000 -3.29307208297354e-07
0.111111 89.222222 4000.000000 -3.29306774759308e-07
0.222222 89.222222 4000.000000 -3.293073936553e-07
0.333333 89.222222 4000.000000 -3.29307509358719e-07
0.444444 89.222222 4000.000000 -3.2930656411836e-07
0.555556 89.222222 4000.000000 -3.29306562484536e-07
0.666667 89.222222 4000.000000 -3.29307520064511e-07
0.777778 89.222222 4000.000000 -3.29307395474974e-07
0.888889 89.222222 4000.000000 -3.29306774784004e-07
1.000000 89.222222 4000.000000 -3.29307210245908e-07
0.000000 89.333333 4000.000000 -3.29477695859756e-07
0.111111 89.333333 4000.000000 -3.29478541221728e-07
0.222222 89.333333 4000.000000 -3.29477966457281e-07
0.333333 89.333333 4000.000000 -3.29478164988297e-07
0.444444 89.333333 4000.000000 -3.294768774076e-07
0.555556 89.333333 4000.000000 -3.29476874157214e-07
0.666667 89.333333 4000.000000 -3.29478161756147e-07
0.777778 89.333333 4000.000000 -3.29477967025381e-07
0.888889 89.333333 4000.000000 -3.29478538334066e-07
1.000000 89.333333 4000.000000 -3.29477694516263e-07
0.000000 89.444444 4000.000000 -3.29463901717972e-07
0.111111 89.444444 4000.000000 -3.29465687852845e-07
0.222222 89.444444 4000.000000 -3.29464828782668e-07
0.333333 89.444444 4000.000000 -3.29464082446791e-07
0.444444 89.444444 4000.000000 -3.29465352042458e-07
0.555556 89.444444 4000.000000 -3.29465354089177e-07
0.666667 89.444444 4000.000000 -3.29464082576019e-07
0.777778 89.444444 4000.000000 -3.29464828714239e-07
0.888889 89.444444 4000.000000 -3.29465687523569e-07
1.000000 89.444444 4000.000000 -3.29463899712907e-07
0.000000 89.555556 4000.000000 -3.29443915303324e-07
0.111111 89.555556 4000.000000 -3.29445524885342e-07
0.222222 89.555556 4000.000000 -3.29445031792528e-07
0.333333 89.555556 4000.000000 -3.29445340837397e-07
0.444444 89.555556 4000.000000 -3.29445632269013e-07
0.555556 89.555556 4000.000000 -3.29445630827372e-07
0.666667 89.555556 4000.000000 -3.29445341088118e-07
0.777778 89.555556 4000.000000 -3.2944503086969e-07
0.888889 89.555556 4000.000000 -3.294455247521e-07
1.000000 89.555556 4000.000000 -3.29443915678501e-07
0.000000 89.666667 4000.000000 -3.29470344407326e-07
0.111111 89.666667 4000.000000 -3.29469614025914e-07
0.222222 89.666667 4000.000000 -3.29468801050452e-07
0.333333 89.666667 4000.000000 -3.29469304685885e-07
0.444444 89.666667 4000.000000 -3.29467964949627e-07
0.555556 89.666667 4000.000000 -3.29467964769266e-07
0.666667 89.666667 4000.000000 -3.29469303542427e-07
0.777778 89.666667 4000.000000 -3.29468801397887e-07
0.888889 89.666667 4000.000000 -3.2946961378032e-07
1.000000 89.666667 4000.000000 -3.29470345319091e-07
0.000000 89.777778 4000.000000 -3.29392529161656e-07
0.111111 89.777778 4000.000000 -3.29393208314979e-07
0.222222 89.777778 4000.000000 -3.29392656048077e-07
0.333333 89.777778 4000.000000 -3.29392728739576e-07
0.444444 89.777778 4000.000000 -3.29392680218988e-07
0.555556 89.777778 4000.000000 -3.29392680364942e-07
0.666667 89.777778 4000.000000 -3.29392728770544e-07
0.777778 89.777778 4000.000000 -3.29392654235386e-07
0.888889 89.777778 4000.000000 -3.29393209396833e-07
1.000000 89.777778 4000.000000 -3.29392528336953e-07
0.000000 89.888889 4000.000000 -3.292173515917e-07
0.111111 89.888889 4000.000000 -3.29215577927455e-07
0.222222 89.888889 4000.000000 -3.29218027847642e-07
0.333333 89.888889 4000.000000 -3.29217104788588e-07
0.444444 89.888889 4000.000000 -3.29216973731937e-07
0.555556 89.888889 4000.000000 -3.29216973778184e-07
0.666667 89.888889 4000.000000 -3.2921710377699e-07
0.777778 89.888889 4000.000000 -3.29218027967352e-07
0.888889 89.888889 4000.000000 -3.2921557796959e-07
1.000000 89.888889 4000.000000 -3.2921735146403e-07
0.000000 90.000000 4000.000000 -3.29158626735498e-07
0.111111 90.000000 4000.000000 -3.29158626735498e-07
0.222222 90.000000 4000.000000 -3.29158626735498e-07
0.333333 90.000000 4000.000000 -3.29158626735498e-07
0.444444 90.000000 4000.000000 -3.29158626735498e-07
0.555556 90.000000 4000.000000 -3.29158626735498e-07
0.666667 90.000000 4000.000000 -3.29158626735498e-07
0.777778 90.000000 4000.000000 -3.29158626735498e-07
0.888889 90.000000 4000.000000 -3.29158626735498e-07
1.000000 90.000000 4000.000000 -3.29158626735498e-07
