# gzzz component calculated with tessgzzz 2017:
#   local time: Sun Mar 11 02:42:34 2018
#   model file: tesseroid_vs_spherical_shell_files/model-size1.0.tess (64800 tesseroids)
#   GLQ order: 2 lon / 2 lat / 2 r
#   Use recursive division of tesseroids: True
#   Distance-size ratio for recusive division: 15
0.000000 89.000000 4000.000000 -3.63411333171869e-07
0.111111 89.000000 4000.000000 -3.63214637435068e-07
0.222222 89.000000 4000.000000 -3.64460436636555e-07
0.333333 89.000000 4000.000000 -3.64632530628458e-07
0.444444 89.000000 4000.000000 -3.64372942605242e-07
0.555556 89.000000 4000.000000 -3.64372942745575e-07
0.666667 89.000000 4000.000000 -3.64632530889726e-07
0.777778 89.000000 4000.000000 -3.64460437134767e-07
0.888889 89.000000 4000.000000 -3.63214637501377e-07
1.000000 89.000000 4000.000000 -3.63411333212715e-07
0.000000 89.111111 4000.000000 -3.55016707428859e-07
0.111111 89.111111 4000.000000 -3.57269999730996e-07
0.222222 89.111111 4000.000000 -3.57147060161879e-07
0.333333 89.111111 4000.000000 -3.56806640931448e-07
0.444444 89.111111 4000.000000 -3.57500087158166e-07
0.555556 89.111111 4000.000000 -3.57500087476504e-07
0.666667 89.111111 4000.000000 -3.56806640999231e-07
0.777778 89.111111 4000.000000 -3.57147060317323e-07
0.888889 89.111111 4000.000000 -3.57270281166341e-07
1.000000 89.111111 4000.000000 -3.55016707151438e-07
0.000000 89.222222 4000.000000 -3.38198738796062e-07
0.111111 89.222222 4000.000000 -3.37425141209205e-07
0.222222 89.222222 4000.000000 -3.36963169841728e-07
0.333333 89.222222 4000.000000 -3.37240551573231e-07
0.444444 89.222222 4000.000000 -3.37551821261162e-07
0.555556 89.222222 4000.000000 -3.37551821333672e-07
0.666667 89.222222 4000.000000 -3.37240552169041e-07
0.777778 89.222222 4000.000000 -3.36963170104571e-07
0.888889 89.222222 4000.000000 -3.37425141804132e-07
1.000000 89.222222 4000.000000 -3.38198738856941e-07
0.000000 89.333333 4000.000000 -3.3754158814517e-07
0.111111 89.333333 4000.000000 -3.37038289251183e-07
0.222222 89.333333 4000.000000 -3.37979530870547e-07
0.333333 89.333333 4000.000000 -3.37309985834076e-07
0.444444 89.333333 4000.000000 -3.37320343343506e-07
0.555556 89.333333 4000.000000 -3.37320343405161e-07
0.666667 89.333333 4000.000000 -3.37309986006412e-07
0.777778 89.333333 4000.000000 -3.37979531040394e-07
0.888889 89.333333 4000.000000 -3.37038289504295e-07
1.000000 89.333333 4000.000000 -3.3754158768914e-07
0.000000 89.444444 4000.000000 -3.54858641016655e-07
0.111111 89.444444 4000.000000 -3.54829618572784e-07
0.222222 89.444444 4000.000000 -3.54489778420988e-07
0.333333 89.444444 4000.000000 -3.54778569266491e-07
0.444444 89.444444 4000.000000 -3.5362274328935e-07
0.555556 89.444444 4000.000000 -3.53622744647741e-07
0.666667 89.444444 4000.000000 -3.54778569380845e-07
0.777778 89.444444 4000.000000 -3.54489779002494e-07
0.888889 89.444444 4000.000000 -3.54829619011825e-07
1.000000 89.444444 4000.000000 -3.54858641042036e-07
0.000000 89.555556 4000.000000 -3.55480394668824e-07
0.111111 89.555556 4000.000000 -3.5703220865787e-07
0.222222 89.555556 4000.000000 -3.56887844533488e-07
0.333333 89.555556 4000.000000 -3.56552432019307e-07
0.444444 89.555556 4000.000000 -3.56700157266242e-07
0.555556 89.555556 4000.000000 -3.56700157384546e-07
0.666667 89.555556 4000.000000 -3.5655243408442e-07
0.777778 89.555556 4000.000000 -3.56887844843653e-07
0.888889 89.555556 4000.000000 -3.57032208243384e-07
1.000000 89.555556 4000.000000 -3.55480394553307e-07
0.000000 89.666667 4000.000000 -3.37845468777504e-07
0.111111 89.666667 4000.000000 -3.38102751005777e-07
0.222222 89.666667 4000.000000 -3.37664003090247e-07
0.333333 89.666667 4000.000000 -3.3802971397142e-07
0.444444 89.666667 4000.000000 -3.37387306964663e-07
0.555556 89.666667 4000.000000 -3.37387306977015e-07
0.666667 89.666667 4000.000000 -3.38029713668166e-07
0.777778 89.666667 4000.000000 -3.37664003097122e-07
0.888889 89.666667 4000.000000 -3.38102750464397e-07
1.000000 89.666667 4000.000000 -3.3784546896088e-07
0.000000 89.777778 4000.000000 -3.46817557543252e-07
0.111111 89.777778 4000.000000 -3.4745843167405e-07
0.222222 89.777778 4000.000000 -3.46670592332303e-07
0.333333 89.777778 4000.000000 -3.47843318972505e-07
0.444444 89.777778 4000.000000 -3.47977477346002e-07
0.555556 89.777778 4000.000000 -3.47977477393258e-07
0.666667 89.777778 4000.000000 -3.4784331925582e-07
0.777778 89.777778 4000.000000 -3.46670592029943e-07
0.888889 89.777778 4000.000000 -3.47458431642102e-07
1.000000 89.777778 4000.000000 -3.46817557807805e-07
0.000000 89.888889 4000.000000 -3.53342453392644e-07
0.111111 89.888889 4000.000000 -3.54438712070706e-07
0.222222 89.888889 4000.000000 -3.55552930535599e-07
0.333333 89.888889 4000.000000 -3.55818498597235e-07
0.444444 89.888889 4000.000000 -3.55354914332456e-07
0.555556 89.888889 4000.000000 -3.55354898665073e-07
0.666667 89.888889 4000.000000 -3.55818498565439e-07
0.777778 89.888889 4000.000000 -3.55552930537004e-07
0.888889 89.888889 4000.000000 -3.5443871193219e-07
1.000000 89.888889 4000.000000 -3.53342453348982e-07
0.000000 90.000000 4000.000000 -3.00652681296371e-07
0.111111 90.000000 4000.000000 -3.00652681296371e-07
0.222222 90.000000 4000.000000 -3.00652681296371e-07
0.333333 90.000000 4000.000000 -3.00652681296371e-07
0.444444 90.000000 4000.000000 -3.00652681296371e-07
0.555556 90.000000 4000.000000 -3.00652681296371e-07
0.666667 90.000000 4000.000000 -3.00652681296371e-07
0.777778 90.000000 4000.000000 -3.00652681296371e-07
0.888889 90.000000 4000.000000 -3.00652681296371e-07
1.000000 90.000000 4000.000000 -3.00652681296371e-07
