# gzzz component calculated with tessgzzz 2017:
#   local time: Sun Mar 11 03:06:49 2018
#   model file: tesseroid_vs_spherical_shell_files/model-size1.0.tess (64800 tesseroids)
#   GLQ order: 2 lon / 2 lat / 2 r
#   Use recursive division of tesseroids: True
#   Distance-size ratio for recusive division: 25
0.000000 89.000000 10000.000000 -3.27978140334556e-07
0.111111 89.000000 10000.000000 -3.27977585339733e-07
0.222222 89.000000 10000.000000 -3.27979874138968e-07
0.333333 89.000000 10000.000000 -3.27977107661385e-07
0.444444 89.000000 10000.000000 -3.27979056350921e-07
0.555556 89.000000 10000.000000 -3.27979056345842e-07
0.666667 89.000000 10000.000000 -3.27977107692346e-07
0.777778 89.000000 10000.000000 -3.27979874052625e-07
0.888889 89.000000 10000.000000 -3.2797758534269e-07
1.000000 89.000000 10000.000000 -3.2797814032814e-07
0.000000 89.111111 10000.000000 -3.28457678650345e-07
0.111111 89.111111 10000.000000 -3.28422209944002e-07
0.222222 89.111111 10000.000000 -3.28428649949154e-07
0.333333 89.111111 10000.000000 -3.28419720001098e-07
0.444444 89.111111 10000.000000 -3.28443233191951e-07
0.555556 89.111111 10000.000000 -3.2844323319931e-07
0.666667 89.111111 10000.000000 -3.28419720007334e-07
0.777778 89.111111 10000.000000 -3.28428649823442e-07
0.888889 89.111111 10000.000000 -3.28422211170797e-07
1.000000 89.111111 10000.000000 -3.2845767864528e-07
0.000000 89.222222 10000.000000 -3.28255832043294e-07
0.111111 89.222222 10000.000000 -3.28251695695773e-07
0.222222 89.222222 10000.000000 -3.28250526905699e-07
0.333333 89.222222 10000.000000 -3.28254223880596e-07
0.444444 89.222222 10000.000000 -3.28253062199172e-07
0.555556 89.222222 10000.000000 -3.28253062224786e-07
0.666667 89.222222 10000.000000 -3.28254223836114e-07
0.777778 89.222222 10000.000000 -3.2825052692136e-07
0.888889 89.222222 10000.000000 -3.28251695625742e-07
1.000000 89.222222 10000.000000 -3.28255832027623e-07
0.000000 89.333333 10000.000000 -3.28026913709488e-07
0.111111 89.333333 10000.000000 -3.28032608141895e-07
0.222222 89.333333 10000.000000 -3.28021004709603e-07
0.333333 89.333333 10000.000000 -3.28030860780277e-07
0.444444 89.333333 10000.000000 -3.28028621918076e-07
0.555556 89.333333 10000.000000 -3.28028621936543e-07
0.666667 89.333333 10000.000000 -3.28030860791355e-07
0.777778 89.333333 10000.000000 -3.28021004707696e-07
0.888889 89.333333 10000.000000 -3.28032608107528e-07
1.000000 89.333333 10000.000000 -3.28026913690992e-07
0.000000 89.444444 10000.000000 -3.27857515614066e-07
0.111111 89.444444 10000.000000 -3.27850212702815e-07
0.222222 89.444444 10000.000000 -3.27845681929341e-07
0.333333 89.444444 10000.000000 -3.27843070731147e-07
0.444444 89.444444 10000.000000 -3.27858245657372e-07
0.555556 89.444444 10000.000000 -3.27858245569466e-07
0.666667 89.444444 10000.000000 -3.27843070739387e-07
0.777778 89.444444 10000.000000 -3.27845681795895e-07
0.888889 89.444444 10000.000000 -3.27850212716682e-07
1.000000 89.444444 10000.000000 -3.27857515593901e-07
0.000000 89.555556 10000.000000 -3.28124448439675e-07
0.111111 89.555556 10000.000000 -3.28126394578432e-07
0.222222 89.555556 10000.000000 -3.28100094801613e-07
0.333333 89.555556 10000.000000 -3.281127150192e-07
0.444444 89.555556 10000.000000 -3.28122538492579e-07
0.555556 89.555556 10000.000000 -3.2812253853767e-07
0.666667 89.555556 10000.000000 -3.2811271488928e-07
0.777778 89.555556 10000.000000 -3.28100094826889e-07
0.888889 89.555556 10000.000000 -3.28126394397883e-07
1.000000 89.555556 10000.000000 -3.28124448478057e-07
0.000000 89.666667 10000.000000 -3.280446476357e-07
0.111111 89.666667 10000.000000 -3.28049483758371e-07
0.222222 89.666667 10000.000000 -3.28049028555698e-07
0.333333 89.666667 10000.000000 -3.28048291206777e-07
0.444444 89.666667 10000.000000 -3.28044236205462e-07
0.555556 89.666667 10000.000000 -3.28044236206544e-07
0.666667 89.666667 10000.000000 -3.28048291218964e-07
0.777778 89.666667 10000.000000 -3.28049028554945e-07
0.888889 89.666667 10000.000000 -3.28049483781838e-07
1.000000 89.666667 10000.000000 -3.28044647636927e-07
0.000000 89.777778 10000.000000 -3.27882162692939e-07
0.111111 89.777778 10000.000000 -3.27881182440333e-07
0.222222 89.777778 10000.000000 -3.27877922528366e-07
0.333333 89.777778 10000.000000 -3.2788062570112e-07
0.444444 89.777778 10000.000000 -3.27865245574991e-07
0.555556 89.777778 10000.000000 -3.27865245601448e-07
0.666667 89.777778 10000.000000 -3.27880625724595e-07
0.777778 89.777778 10000.000000 -3.27877922543252e-07
0.888889 89.777778 10000.000000 -3.27881182443339e-07
1.000000 89.777778 10000.000000 -3.27882162677534e-07
0.000000 89.888889 10000.000000 -3.28141194654397e-07
0.111111 89.888889 10000.000000 -3.28141705667265e-07
0.222222 89.888889 10000.000000 -3.28139733375157e-07
0.333333 89.888889 10000.000000 -3.28139409760366e-07
0.444444 89.888889 10000.000000 -3.28140005526474e-07
0.555556 89.888889 10000.000000 -3.28140005527046e-07
0.666667 89.888889 10000.000000 -3.28139409763627e-07
0.777778 89.888889 10000.000000 -3.28139733366353e-07
0.888889 89.888889 10000.000000 -3.2814170566207e-07
1.000000 89.888889 10000.000000 -3.28141194648183e-07
0.000000 90.000000 10000.000000 -3.2885003856772e-07
0.111111 90.000000 10000.000000 -3.2885003856772e-07
0.222222 90.000000 10000.000000 -3.2885003856772e-07
0.333333 90.000000 10000.000000 -3.2885003856772e-07
0.444444 90.000000 10000.000000 -3.2885003856772e-07
0.555556 90.000000 10000.000000 -3.2885003856772e-07
0.666667 90.000000 10000.000000 -3.2885003856772e-07
0.777778 90.000000 10000.000000 -3.2885003856772e-07
0.888889 90.000000 10000.000000 -3.2885003856772e-07
1.000000 90.000000 10000.000000 -3.2885003856772e-07
