# gzzz component calculated with tessgzzz 2017:
#   local time: Sun Mar 11 03:11:24 2018
#   model file: tesseroid_vs_spherical_shell_files/model-size1.0.tess (64800 tesseroids)
#   GLQ order: 2 lon / 2 lat / 2 r
#   Use recursive division of tesseroids: True
#   Distance-size ratio for recusive division: 10
0.000000 89.000000 50000.000000 -3.19792477744869e-07
0.111111 89.000000 50000.000000 -3.19792038624565e-07
0.222222 89.000000 50000.000000 -3.19791012170863e-07
0.333333 89.000000 50000.000000 -3.19793024070373e-07
0.444444 89.000000 50000.000000 -3.19794322706931e-07
0.555556 89.000000 50000.000000 -3.19794322705529e-07
0.666667 89.000000 50000.000000 -3.19793024069771e-07
0.777778 89.000000 50000.000000 -3.1979101217083e-07
0.888889 89.000000 50000.000000 -3.1979203862597e-07
1.000000 89.000000 50000.000000 -3.1979247774488e-07
0.000000 89.111111 50000.000000 -3.19796776355493e-07
0.111111 89.111111 50000.000000 -3.1979823792235e-07
0.222222 89.111111 50000.000000 -3.19802579655844e-07
0.333333 89.111111 50000.000000 -3.19803404593873e-07
0.444444 89.111111 50000.000000 -3.19802279862912e-07
0.555556 89.111111 50000.000000 -3.19802279861814e-07
0.666667 89.111111 50000.000000 -3.19803404593963e-07
0.777778 89.111111 50000.000000 -3.19802579655227e-07
0.888889 89.111111 50000.000000 -3.19798237923257e-07
1.000000 89.111111 50000.000000 -3.19796776355532e-07
0.000000 89.222222 50000.000000 -3.19789277735221e-07
0.111111 89.222222 50000.000000 -3.19789211771982e-07
0.222222 89.222222 50000.000000 -3.19789023910247e-07
0.333333 89.222222 50000.000000 -3.19791996220544e-07
0.444444 89.222222 50000.000000 -3.19794226956058e-07
0.555556 89.222222 50000.000000 -3.19794226956049e-07
0.666667 89.222222 50000.000000 -3.19791996221168e-07
0.777778 89.222222 50000.000000 -3.19789023911042e-07
0.888889 89.222222 50000.000000 -3.19789211771294e-07
1.000000 89.222222 50000.000000 -3.19789277735204e-07
0.000000 89.333333 50000.000000 -3.19825817799404e-07
0.111111 89.333333 50000.000000 -3.1982758792319e-07
0.222222 89.333333 50000.000000 -3.19828281342484e-07
0.333333 89.333333 50000.000000 -3.19828185426094e-07
0.444444 89.333333 50000.000000 -3.19828671834077e-07
0.555556 89.333333 50000.000000 -3.1982867183448e-07
0.666667 89.333333 50000.000000 -3.19828185424349e-07
0.777778 89.333333 50000.000000 -3.19828281342791e-07
0.888889 89.333333 50000.000000 -3.1982758792261e-07
1.000000 89.333333 50000.000000 -3.19825817799551e-07
0.000000 89.444444 50000.000000 -3.19946725475661e-07
0.111111 89.444444 50000.000000 -3.19946197325289e-07
0.222222 89.444444 50000.000000 -3.19945506044097e-07
0.333333 89.444444 50000.000000 -3.19946711452932e-07
0.444444 89.444444 50000.000000 -3.1994524564545e-07
0.555556 89.444444 50000.000000 -3.19945245644301e-07
0.666667 89.444444 50000.000000 -3.19946711453268e-07
0.777778 89.444444 50000.000000 -3.19945506044605e-07
0.888889 89.444444 50000.000000 -3.19946197325503e-07
1.000000 89.444444 50000.000000 -3.19946725476118e-07
0.000000 89.555556 50000.000000 -3.20227716774995e-07
0.111111 89.555556 50000.000000 -3.20228146303571e-07
0.222222 89.555556 50000.000000 -3.20227567944533e-07
0.333333 89.555556 50000.000000 -3.20225777680586e-07
0.444444 89.555556 50000.000000 -3.20224633196019e-07
0.555556 89.555556 50000.000000 -3.20224633195347e-07
0.666667 89.555556 50000.000000 -3.20225777680135e-07
0.777778 89.555556 50000.000000 -3.20227567944207e-07
0.888889 89.555556 50000.000000 -3.20228146302693e-07
1.000000 89.555556 50000.000000 -3.20227716774939e-07
0.000000 89.666667 50000.000000 -3.20256557281981e-07
0.111111 89.666667 50000.000000 -3.20259099011328e-07
0.222222 89.666667 50000.000000 -3.20258917342606e-07
0.333333 89.666667 50000.000000 -3.20259441371771e-07
0.444444 89.666667 50000.000000 -3.2025977123499e-07
0.555556 89.666667 50000.000000 -3.20259771235067e-07
0.666667 89.666667 50000.000000 -3.20259441370984e-07
0.777778 89.666667 50000.000000 -3.20258917342769e-07
0.888889 89.666667 50000.000000 -3.20259099010987e-07
1.000000 89.666667 50000.000000 -3.20256557282116e-07
0.000000 89.777778 50000.000000 -3.20085622478434e-07
0.111111 89.777778 50000.000000 -3.20086805413531e-07
0.222222 89.777778 50000.000000 -3.20087601155465e-07
0.333333 89.777778 50000.000000 -3.20086667894874e-07
0.444444 89.777778 50000.000000 -3.20086753723198e-07
0.555556 89.777778 50000.000000 -3.20086753723543e-07
0.666667 89.777778 50000.000000 -3.20086667894483e-07
0.777778 89.777778 50000.000000 -3.20087601154946e-07
0.888889 89.777778 50000.000000 -3.20086805412882e-07
1.000000 89.777778 50000.000000 -3.20085622478496e-07
0.000000 89.888889 50000.000000 -3.19663104204856e-07
0.111111 89.888889 50000.000000 -3.19663105072345e-07
0.222222 89.888889 50000.000000 -3.19663114987749e-07
0.333333 89.888889 50000.000000 -3.19662989439599e-07
0.444444 89.888889 50000.000000 -3.19662539761962e-07
0.555556 89.888889 50000.000000 -3.19662539762556e-07
0.666667 89.888889 50000.000000 -3.19662989440018e-07
0.777778 89.888889 50000.000000 -3.1966311498807e-07
0.888889 89.888889 50000.000000 -3.19663105071669e-07
1.000000 89.888889 50000.000000 -3.1966310420479e-07
0.000000 90.000000 50000.000000 -3.19319766046004e-07
0.111111 90.000000 50000.000000 -3.19319766046004e-07
0.222222 90.000000 50000.000000 -3.19319766046004e-07
0.333333 90.000000 50000.000000 -3.19319766046004e-07
0.444444 90.000000 50000.000000 -3.19319766046004e-07
0.555556 90.000000 50000.000000 -3.19319766046004e-07
0.666667 90.000000 50000.000000 -3.19319766046004e-07
0.777778 90.000000 50000.000000 -3.19319766046004e-07
0.888889 90.000000 50000.000000 -3.19319766046004e-07
1.000000 90.000000 50000.000000 -3.19319766046004e-07
