# gzzz component calculated with tessgzzz 2017:
#   local time: Sun Mar 11 03:13:42 2018
#   model file: tesseroid_vs_spherical_shell_files/model-size1.0.tess (64800 tesseroids)
#   GLQ order: 2 lon / 2 lat / 2 r
#   Use recursive division of tesseroids: True
#   Distance-size ratio for recusive division: 47.5
0.000000 89.000000 50000.000000 -3.20117101666307e-07
0.111111 89.000000 50000.000000 -3.20117101494855e-07
0.222222 89.000000 50000.000000 -3.20117094087084e-07
0.333333 89.000000 50000.000000 -3.20117094568751e-07
0.444444 89.000000 50000.000000 -3.20117098688451e-07
0.555556 89.000000 50000.000000 -3.20117098688722e-07
0.666667 89.000000 50000.000000 -3.20117094568072e-07
0.777778 89.000000 50000.000000 -3.20117094085857e-07
0.888889 89.000000 50000.000000 -3.20117101495461e-07
1.000000 89.000000 50000.000000 -3.20117101666697e-07
0.000000 89.111111 50000.000000 -3.20116390316315e-07
0.111111 89.111111 50000.000000 -3.20116387035115e-07
0.222222 89.111111 50000.000000 -3.20116388646039e-07
0.333333 89.111111 50000.000000 -3.20116379255257e-07
0.444444 89.111111 50000.000000 -3.20116381840142e-07
0.555556 89.111111 50000.000000 -3.20116381839769e-07
0.666667 89.111111 50000.000000 -3.20116379255148e-07
0.777778 89.111111 50000.000000 -3.20116388645744e-07
0.888889 89.111111 50000.000000 -3.20116387035065e-07
1.000000 89.111111 50000.000000 -3.20116390315885e-07
0.000000 89.222222 50000.000000 -3.20116334594743e-07
0.111111 89.222222 50000.000000 -3.20116336310844e-07
0.222222 89.222222 50000.000000 -3.20116336535003e-07
0.333333 89.222222 50000.000000 -3.20116338259355e-07
0.444444 89.222222 50000.000000 -3.20116322509938e-07
0.555556 89.222222 50000.000000 -3.20116322509449e-07
0.666667 89.222222 50000.000000 -3.20116338257006e-07
0.777778 89.222222 50000.000000 -3.2011633653343e-07
0.888889 89.222222 50000.000000 -3.20116336309904e-07
1.000000 89.222222 50000.000000 -3.20116334594369e-07
0.000000 89.333333 50000.000000 -3.20116425314844e-07
0.111111 89.333333 50000.000000 -3.2011642543197e-07
0.222222 89.333333 50000.000000 -3.20116426527844e-07
0.333333 89.333333 50000.000000 -3.20116422165197e-07
0.444444 89.333333 50000.000000 -3.20116420724213e-07
0.555556 89.333333 50000.000000 -3.20116420725427e-07
0.666667 89.333333 50000.000000 -3.20116422164819e-07
0.777778 89.333333 50000.000000 -3.20116426526102e-07
0.888889 89.333333 50000.000000 -3.20116425434199e-07
1.000000 89.333333 50000.000000 -3.20116425314831e-07
0.000000 89.444444 50000.000000 -3.20116693334222e-07
0.111111 89.444444 50000.000000 -3.20116692782583e-07
0.222222 89.444444 50000.000000 -3.2011669055646e-07
0.333333 89.444444 50000.000000 -3.2011669054625e-07
0.444444 89.444444 50000.000000 -3.20116689299534e-07
0.555556 89.444444 50000.000000 -3.20116689299525e-07
0.666667 89.444444 50000.000000 -3.2011669054538e-07
0.777778 89.444444 50000.000000 -3.20116690557151e-07
0.888889 89.444444 50000.000000 -3.20116692782595e-07
1.000000 89.444444 50000.000000 -3.20116693333546e-07
0.000000 89.555556 50000.000000 -3.20116817780239e-07
0.111111 89.555556 50000.000000 -3.20116817876157e-07
0.222222 89.555556 50000.000000 -3.20116818653783e-07
0.333333 89.555556 50000.000000 -3.20116824954855e-07
0.444444 89.555556 50000.000000 -3.20116823498089e-07
0.555556 89.555556 50000.000000 -3.20116823496637e-07
0.666667 89.555556 50000.000000 -3.20116824953547e-07
0.777778 89.555556 50000.000000 -3.20116818652026e-07
0.888889 89.555556 50000.000000 -3.20116817874509e-07
1.000000 89.555556 50000.000000 -3.20116817780144e-07
0.000000 89.666667 50000.000000 -3.20116882999534e-07
0.111111 89.666667 50000.000000 -3.20116884009391e-07
0.222222 89.666667 50000.000000 -3.20116884293308e-07
0.333333 89.666667 50000.000000 -3.20116884663096e-07
0.444444 89.666667 50000.000000 -3.20116884217621e-07
0.555556 89.666667 50000.000000 -3.20116884218182e-07
0.666667 89.666667 50000.000000 -3.20116884661188e-07
0.777778 89.666667 50000.000000 -3.20116884293599e-07
0.888889 89.666667 50000.000000 -3.20116884008211e-07
1.000000 89.666667 50000.000000 -3.20116882999573e-07
0.000000 89.777778 50000.000000 -3.20116507059604e-07
0.111111 89.777778 50000.000000 -3.20116506973221e-07
0.222222 89.777778 50000.000000 -3.2011650642434e-07
0.333333 89.777778 50000.000000 -3.20116505704106e-07
0.444444 89.777778 50000.000000 -3.20116505443934e-07
0.555556 89.777778 50000.000000 -3.20116505444235e-07
0.666667 89.777778 50000.000000 -3.20116505703448e-07
0.777778 89.777778 50000.000000 -3.20116506424359e-07
0.888889 89.777778 50000.000000 -3.20116506973001e-07
1.000000 89.777778 50000.000000 -3.20116507059406e-07
0.000000 89.888889 50000.000000 -3.20115402476733e-07
0.111111 89.888889 50000.000000 -3.20115403047186e-07
0.222222 89.888889 50000.000000 -3.20115403392851e-07
0.333333 89.888889 50000.000000 -3.20115403223661e-07
0.444444 89.888889 50000.000000 -3.20115401742823e-07
0.555556 89.888889 50000.000000 -3.20115401743241e-07
0.666667 89.888889 50000.000000 -3.20115403224056e-07
0.777778 89.888889 50000.000000 -3.20115403392396e-07
0.888889 89.888889 50000.000000 -3.20115403047102e-07
1.000000 89.888889 50000.000000 -3.20115402476731e-07
0.000000 90.000000 50000.000000 -3.20114456229566e-07
0.111111 90.000000 50000.000000 -3.20114456229566e-07
0.222222 90.000000 50000.000000 -3.20114456229566e-07
0.333333 90.000000 50000.000000 -3.20114456229566e-07
0.444444 90.000000 50000.000000 -3.20114456229566e-07
0.555556 90.000000 50000.000000 -3.20114456229566e-07
0.666667 90.000000 50000.000000 -3.20114456229566e-07
0.777778 90.000000 50000.000000 -3.20114456229566e-07
0.888889 90.000000 50000.000000 -3.20114456229566e-07
1.000000 90.000000 50000.000000 -3.20114456229566e-07
