# gzzz component calculated with tessgzzz 2017:
#   local time: Sun Mar 11 03:06:39 2018
#   model file: tesseroid_vs_spherical_shell_files/model-size1.0.tess (64800 tesseroids)
#   GLQ order: 2 lon / 2 lat / 2 r
#   Use recursive division of tesseroids: True
#   Distance-size ratio for recusive division: 22.5
0.000000 89.000000 10000.000000 -3.28785632463899e-07
0.111111 89.000000 10000.000000 -3.28763136665565e-07
0.222222 89.000000 10000.000000 -3.28789873420843e-07
0.333333 89.000000 10000.000000 -3.28761768858484e-07
0.444444 89.000000 10000.000000 -3.28783230415467e-07
0.555556 89.000000 10000.000000 -3.28783230495733e-07
0.666667 89.000000 10000.000000 -3.28761768898514e-07
0.777778 89.000000 10000.000000 -3.28789873431474e-07
0.888889 89.000000 10000.000000 -3.28763136672963e-07
1.000000 89.000000 10000.000000 -3.28785632462884e-07
0.000000 89.111111 10000.000000 -3.28986353495722e-07
0.111111 89.111111 10000.000000 -3.28963255656328e-07
0.222222 89.111111 10000.000000 -3.28944390371369e-07
0.333333 89.111111 10000.000000 -3.28955349532937e-07
0.444444 89.111111 10000.000000 -3.28993048302096e-07
0.555556 89.111111 10000.000000 -3.2899304831918e-07
0.666667 89.111111 10000.000000 -3.28955349535902e-07
0.777778 89.111111 10000.000000 -3.28944390352909e-07
0.888889 89.111111 10000.000000 -3.28963256125273e-07
1.000000 89.111111 10000.000000 -3.28986353491691e-07
0.000000 89.222222 10000.000000 -3.28481535731911e-07
0.111111 89.222222 10000.000000 -3.28527437352324e-07
0.222222 89.222222 10000.000000 -3.28480025504005e-07
0.333333 89.222222 10000.000000 -3.28502933142085e-07
0.444444 89.222222 10000.000000 -3.28478263859488e-07
0.555556 89.222222 10000.000000 -3.2847826388857e-07
0.666667 89.222222 10000.000000 -3.28502933130266e-07
0.777778 89.222222 10000.000000 -3.28480025508297e-07
0.888889 89.222222 10000.000000 -3.28527437273951e-07
1.000000 89.222222 10000.000000 -3.28481535725017e-07
0.000000 89.333333 10000.000000 -3.28262531694577e-07
0.111111 89.333333 10000.000000 -3.28236832950943e-07
0.222222 89.333333 10000.000000 -3.28259319222436e-07
0.333333 89.333333 10000.000000 -3.28254580623177e-07
0.444444 89.333333 10000.000000 -3.28273162328385e-07
0.555556 89.333333 10000.000000 -3.28273162336851e-07
0.666667 89.333333 10000.000000 -3.28254580613395e-07
0.777778 89.333333 10000.000000 -3.28259319211484e-07
0.888889 89.333333 10000.000000 -3.28236832937811e-07
1.000000 89.333333 10000.000000 -3.28262531711337e-07
0.000000 89.444444 10000.000000 -3.28130860038602e-07
0.111111 89.444444 10000.000000 -3.28157386494894e-07
0.222222 89.444444 10000.000000 -3.28117194152371e-07
0.333333 89.444444 10000.000000 -3.28128546734007e-07
0.444444 89.444444 10000.000000 -3.28134829134046e-07
0.555556 89.444444 10000.000000 -3.28134829072676e-07
0.666667 89.444444 10000.000000 -3.28128546721765e-07
0.777778 89.444444 10000.000000 -3.28117193982568e-07
0.888889 89.444444 10000.000000 -3.28157386536642e-07
1.000000 89.444444 10000.000000 -3.28130860016948e-07
0.000000 89.555556 10000.000000 -3.28895774149741e-07
0.111111 89.555556 10000.000000 -3.28909241465267e-07
0.222222 89.555556 10000.000000 -3.28917692453686e-07
0.333333 89.555556 10000.000000 -3.28899347446175e-07
0.444444 89.555556 10000.000000 -3.28913552942897e-07
0.555556 89.555556 10000.000000 -3.28913551875365e-07
0.666667 89.555556 10000.000000 -3.28899347485059e-07
0.777778 89.555556 10000.000000 -3.28917692490773e-07
0.888889 89.555556 10000.000000 -3.28909241457873e-07
1.000000 89.555556 10000.000000 -3.28895774185481e-07
0.000000 89.666667 10000.000000 -3.28306997905623e-07
0.111111 89.666667 10000.000000 -3.28285562524002e-07
0.222222 89.666667 10000.000000 -3.28284113123465e-07
0.333333 89.666667 10000.000000 -3.2828356982424e-07
0.444444 89.666667 10000.000000 -3.28294732991541e-07
0.555556 89.666667 10000.000000 -3.28294732990537e-07
0.666667 89.666667 10000.000000 -3.2828356983775e-07
0.777778 89.666667 10000.000000 -3.2828411313808e-07
0.888889 89.666667 10000.000000 -3.28285562531235e-07
1.000000 89.666667 10000.000000 -3.28306997907056e-07
0.000000 89.777778 10000.000000 -3.28769930161024e-07
0.111111 89.777778 10000.000000 -3.28774756600544e-07
0.222222 89.777778 10000.000000 -3.28816062604367e-07
0.333333 89.777778 10000.000000 -3.28820079258097e-07
0.444444 89.777778 10000.000000 -3.287988622743e-07
0.555556 89.777778 10000.000000 -3.28798862292516e-07
0.666667 89.777778 10000.000000 -3.28820079278307e-07
0.777778 89.777778 10000.000000 -3.28816062608352e-07
0.888889 89.777778 10000.000000 -3.28774756596243e-07
1.000000 89.777778 10000.000000 -3.28769930150684e-07
0.000000 89.888889 10000.000000 -3.2845774419289e-07
0.111111 89.888889 10000.000000 -3.28459028965732e-07
0.222222 89.888889 10000.000000 -3.28463770295145e-07
0.333333 89.888889 10000.000000 -3.28470910603818e-07
0.444444 89.888889 10000.000000 -3.28466118317967e-07
0.555556 89.888889 10000.000000 -3.28466118311898e-07
0.666667 89.888889 10000.000000 -3.28470910603211e-07
0.777778 89.888889 10000.000000 -3.28463770302762e-07
0.888889 89.888889 10000.000000 -3.28459028963913e-07
1.000000 89.888889 10000.000000 -3.28457744178679e-07
0.000000 90.000000 10000.000000 -3.27675913861653e-07
0.111111 90.000000 10000.000000 -3.27675913861653e-07
0.222222 90.000000 10000.000000 -3.27675913861653e-07
0.333333 90.000000 10000.000000 -3.27675913861653e-07
0.444444 90.000000 10000.000000 -3.27675913861653e-07
0.555556 90.000000 10000.000000 -3.27675913861653e-07
0.666667 90.000000 10000.000000 -3.27675913861653e-07
0.777778 90.000000 10000.000000 -3.27675913861653e-07
0.888889 90.000000 10000.000000 -3.27675913861653e-07
1.000000 90.000000 10000.000000 -3.27675913861653e-07
