# gzzz component calculated with tessgzzz 2017:
#   local time: Sun Mar 11 02:52:25 2018
#   model file: tesseroid_vs_spherical_shell_files/model-size1.0.tess (64800 tesseroids)
#   GLQ order: 2 lon / 2 lat / 2 r
#   Use recursive division of tesseroids: True
#   Distance-size ratio for recusive division: 10
0.000000 89.000000 6000.000000 -2.93794422931646e-07
0.111111 89.000000 6000.000000 -2.9209014500402e-07
0.222222 89.000000 6000.000000 -2.92371729476007e-07
0.333333 89.000000 6000.000000 -2.93582536914078e-07
0.444444 89.000000 6000.000000 -2.9246977392758e-07
0.555556 89.000000 6000.000000 -2.92469774131132e-07
0.666667 89.000000 6000.000000 -2.93582536958736e-07
0.777778 89.000000 6000.000000 -2.92371730072515e-07
0.888889 89.000000 6000.000000 -2.92090144900753e-07
1.000000 89.000000 6000.000000 -2.93794422964446e-07
0.000000 89.111111 6000.000000 -2.91842037710777e-07
0.111111 89.111111 6000.000000 -2.94035310718082e-07
0.222222 89.111111 6000.000000 -2.92937463743339e-07
0.333333 89.111111 6000.000000 -2.88268891458133e-07
0.444444 89.111111 6000.000000 -2.88691255469071e-07
0.555556 89.111111 6000.000000 -2.88691255466531e-07
0.666667 89.111111 6000.000000 -2.88268891454495e-07
0.777778 89.111111 6000.000000 -2.92937463699566e-07
0.888889 89.111111 6000.000000 -2.94035310734241e-07
1.000000 89.111111 6000.000000 -2.91842037685421e-07
0.000000 89.222222 6000.000000 -2.82952754338879e-07
0.111111 89.222222 6000.000000 -2.81691762523791e-07
0.222222 89.222222 6000.000000 -2.85583823186573e-07
0.333333 89.222222 6000.000000 -2.86943551897015e-07
0.444444 89.222222 6000.000000 -2.83821587526338e-07
0.555556 89.222222 6000.000000 -2.83821587524168e-07
0.666667 89.222222 6000.000000 -2.86943552258193e-07
0.777778 89.222222 6000.000000 -2.85583823201878e-07
0.888889 89.222222 6000.000000 -2.81691762360587e-07
1.000000 89.222222 6000.000000 -2.82952754276196e-07
0.000000 89.333333 6000.000000 -3.04232285468143e-07
0.111111 89.333333 6000.000000 -3.0685422648164e-07
0.222222 89.333333 6000.000000 -3.09460332767663e-07
0.333333 89.333333 6000.000000 -3.07377029933683e-07
0.444444 89.333333 6000.000000 -3.03577621923191e-07
0.555556 89.333333 6000.000000 -3.03577621902515e-07
0.666667 89.333333 6000.000000 -3.07377029920193e-07
0.777778 89.333333 6000.000000 -3.09460333254879e-07
0.888889 89.333333 6000.000000 -3.068542264777e-07
1.000000 89.333333 6000.000000 -3.04232285422793e-07
0.000000 89.444444 6000.000000 -3.38168331179334e-07
0.111111 89.444444 6000.000000 -3.37902982429207e-07
0.222222 89.444444 6000.000000 -3.33547290097924e-07
0.333333 89.444444 6000.000000 -3.32647972949791e-07
0.444444 89.444444 6000.000000 -3.31718426291039e-07
0.555556 89.444444 6000.000000 -3.31718426306478e-07
0.666667 89.444444 6000.000000 -3.32647972986321e-07
0.777778 89.444444 6000.000000 -3.33547290083055e-07
0.888889 89.444444 6000.000000 -3.37902982458279e-07
1.000000 89.444444 6000.000000 -3.38168331197728e-07
0.000000 89.555556 6000.000000 -2.88916982013155e-07
0.111111 89.555556 6000.000000 -2.84850718034654e-07
0.222222 89.555556 6000.000000 -2.80654758129753e-07
0.333333 89.555556 6000.000000 -2.80188670492769e-07
0.444444 89.555556 6000.000000 -2.81351211148655e-07
0.555556 89.555556 6000.000000 -2.81351207298257e-07
0.666667 89.555556 6000.000000 -2.80188670512552e-07
0.777778 89.555556 6000.000000 -2.80654758117323e-07
0.888889 89.555556 6000.000000 -2.84850718041355e-07
1.000000 89.555556 6000.000000 -2.88916982016105e-07
0.000000 89.666667 6000.000000 -2.99321367714285e-07
0.111111 89.666667 6000.000000 -2.99128242859582e-07
0.222222 89.666667 6000.000000 -2.98954373467991e-07
0.333333 89.666667 6000.000000 -2.97504909270244e-07
0.444444 89.666667 6000.000000 -3.02739618584311e-07
0.555556 89.666667 6000.000000 -3.0273961857924e-07
0.666667 89.666667 6000.000000 -2.97504909260212e-07
0.777778 89.666667 6000.000000 -2.98954373533493e-07
0.888889 89.666667 6000.000000 -2.99128242878095e-07
1.000000 89.666667 6000.000000 -2.99321367736764e-07
0.000000 89.777778 6000.000000 -3.04412058043103e-07
0.111111 89.777778 6000.000000 -3.03310166909356e-07
0.222222 89.777778 6000.000000 -3.02384123260003e-07
0.333333 89.777778 6000.000000 -3.02007704015326e-07
0.444444 89.777778 6000.000000 -3.02158111927132e-07
0.555556 89.777778 6000.000000 -3.02158111806931e-07
0.666667 89.777778 6000.000000 -3.02007704033316e-07
0.777778 89.777778 6000.000000 -3.02384123233269e-07
0.888889 89.777778 6000.000000 -3.0331016779855e-07
1.000000 89.777778 6000.000000 -3.0441205802968e-07
0.000000 89.888889 6000.000000 -2.99426879267312e-07
0.111111 89.888889 6000.000000 -2.99672979594493e-07
0.222222 89.888889 6000.000000 -2.99788164580566e-07
0.333333 89.888889 6000.000000 -2.99703556189278e-07
0.444444 89.888889 6000.000000 -2.9941241161351e-07
0.555556 89.888889 6000.000000 -2.99412411595732e-07
0.666667 89.888889 6000.000000 -2.99703556199856e-07
0.777778 89.888889 6000.000000 -2.99788164567551e-07
0.888889 89.888889 6000.000000 -2.99672979639277e-07
1.000000 89.888889 6000.000000 -2.99426879261183e-07
0.000000 90.000000 6000.000000 -2.32983334169466e-07
0.111111 90.000000 6000.000000 -2.32983334169466e-07
0.222222 90.000000 6000.000000 -2.32983334169466e-07
0.333333 90.000000 6000.000000 -2.32983334169466e-07
0.444444 90.000000 6000.000000 -2.32983334169466e-07
0.555556 90.000000 6000.000000 -2.32983334169466e-07
0.666667 90.000000 6000.000000 -2.32983334169466e-07
0.777778 90.000000 6000.000000 -2.32983334169466e-07
0.888889 90.000000 6000.000000 -2.32983334169466e-07
1.000000 90.000000 6000.000000 -2.32983334169466e-07
