# gzzz component calculated with tessgzzz 2017:
#   local time: Sun Mar 11 03:15:20 2018
#   model file: tesseroid_vs_spherical_shell_files/model-size1.0.tess (64800 tesseroids)
#   GLQ order: 2 lon / 2 lat / 2 r
#   Use recursive division of tesseroids: True
#   Distance-size ratio for recusive division: 30
0.000000 89.000000 150000.000000 -3.00948805669715e-07
0.111111 89.000000 150000.000000 -3.00948805385455e-07
0.222222 89.000000 150000.000000 -3.0094880455087e-07
0.333333 89.000000 150000.000000 -3.00948804630375e-07
0.444444 89.000000 150000.000000 -3.00948803890987e-07
0.555556 89.000000 150000.000000 -3.00948803891044e-07
0.666667 89.000000 150000.000000 -3.00948804630403e-07
0.777778 89.000000 150000.000000 -3.00948804550847e-07
0.888889 89.000000 150000.000000 -3.00948805385566e-07
1.000000 89.000000 150000.000000 -3.00948805669735e-07
0.000000 89.111111 150000.000000 -3.00948751497807e-07
0.111111 89.111111 150000.000000 -3.00948753186403e-07
0.222222 89.111111 150000.000000 -3.0094875239406e-07
0.333333 89.111111 150000.000000 -3.00948751094423e-07
0.444444 89.111111 150000.000000 -3.0094875245736e-07
0.555556 89.111111 150000.000000 -3.00948752457308e-07
0.666667 89.111111 150000.000000 -3.00948751094596e-07
0.777778 89.111111 150000.000000 -3.00948752393942e-07
0.888889 89.111111 150000.000000 -3.00948753186359e-07
1.000000 89.111111 150000.000000 -3.00948751497826e-07
0.000000 89.222222 150000.000000 -3.0094866982704e-07
0.111111 89.222222 150000.000000 -3.00948670071144e-07
0.222222 89.222222 150000.000000 -3.00948670076918e-07
0.333333 89.222222 150000.000000 -3.00948670096057e-07
0.444444 89.222222 150000.000000 -3.00948668742321e-07
0.555556 89.222222 150000.000000 -3.00948668742368e-07
0.666667 89.222222 150000.000000 -3.00948670096049e-07
0.777778 89.222222 150000.000000 -3.00948670076964e-07
0.888889 89.222222 150000.000000 -3.009486700713e-07
1.000000 89.222222 150000.000000 -3.00948669827003e-07
0.000000 89.333333 150000.000000 -3.0094853917504e-07
0.111111 89.333333 150000.000000 -3.00948538408729e-07
0.222222 89.333333 150000.000000 -3.00948537940081e-07
0.333333 89.333333 150000.000000 -3.00948538020035e-07
0.444444 89.333333 150000.000000 -3.00948539947652e-07
0.555556 89.333333 150000.000000 -3.00948539947607e-07
0.666667 89.333333 150000.000000 -3.00948538020029e-07
0.777778 89.333333 150000.000000 -3.00948537940103e-07
0.888889 89.333333 150000.000000 -3.00948538408783e-07
1.000000 89.333333 150000.000000 -3.00948539175043e-07
0.000000 89.444444 150000.000000 -3.00948372774185e-07
0.111111 89.444444 150000.000000 -3.00948372224619e-07
0.222222 89.444444 150000.000000 -3.00948372310464e-07
0.333333 89.444444 150000.000000 -3.00948371735724e-07
0.444444 89.444444 150000.000000 -3.00948372654503e-07
0.555556 89.444444 150000.000000 -3.00948372654459e-07
0.666667 89.444444 150000.000000 -3.00948371735657e-07
0.777778 89.444444 150000.000000 -3.00948372310333e-07
0.888889 89.444444 150000.000000 -3.00948372224567e-07
1.000000 89.444444 150000.000000 -3.00948372774205e-07
0.000000 89.555556 150000.000000 -3.00948165964101e-07
0.111111 89.555556 150000.000000 -3.00948166528239e-07
0.222222 89.555556 150000.000000 -3.00948166274015e-07
0.333333 89.555556 150000.000000 -3.00948167496245e-07
0.444444 89.555556 150000.000000 -3.0094816746092e-07
0.555556 89.555556 150000.000000 -3.0094816746094e-07
0.666667 89.555556 150000.000000 -3.00948167496192e-07
0.777778 89.555556 150000.000000 -3.00948166273931e-07
0.888889 89.555556 150000.000000 -3.00948166528249e-07
1.000000 89.555556 150000.000000 -3.00948165964091e-07
0.000000 89.666667 150000.000000 -3.00947953452791e-07
0.111111 89.666667 150000.000000 -3.00947953615695e-07
0.222222 89.666667 150000.000000 -3.00947953938183e-07
0.333333 89.666667 150000.000000 -3.00947953907379e-07
0.444444 89.666667 150000.000000 -3.0094795313944e-07
0.555556 89.666667 150000.000000 -3.00947953139413e-07
0.666667 89.666667 150000.000000 -3.00947953907338e-07
0.777778 89.666667 150000.000000 -3.00947953938119e-07
0.888889 89.666667 150000.000000 -3.00947953615636e-07
1.000000 89.666667 150000.000000 -3.00947953452794e-07
0.000000 89.777778 150000.000000 -3.0094774638833e-07
0.111111 89.777778 150000.000000 -3.00947746529651e-07
0.222222 89.777778 150000.000000 -3.0094774647329e-07
0.333333 89.777778 150000.000000 -3.00947746234874e-07
0.444444 89.777778 150000.000000 -3.00947746470563e-07
0.555556 89.777778 150000.000000 -3.00947746470749e-07
0.666667 89.777778 150000.000000 -3.00947746234898e-07
0.777778 89.777778 150000.000000 -3.00947746473098e-07
0.888889 89.777778 150000.000000 -3.00947746529537e-07
1.000000 89.777778 150000.000000 -3.00947746388326e-07
0.000000 89.888889 150000.000000 -3.00947593538028e-07
0.111111 89.888889 150000.000000 -3.00947593787982e-07
0.222222 89.888889 150000.000000 -3.00947593805776e-07
0.333333 89.888889 150000.000000 -3.0094759385485e-07
0.444444 89.888889 150000.000000 -3.0094759367821e-07
0.555556 89.888889 150000.000000 -3.00947593678323e-07
0.666667 89.888889 150000.000000 -3.00947593854685e-07
0.777778 89.888889 150000.000000 -3.00947593805732e-07
0.888889 89.888889 150000.000000 -3.00947593787867e-07
1.000000 89.888889 150000.000000 -3.00947593538031e-07
0.000000 90.000000 150000.000000 -3.00947514106296e-07
0.111111 90.000000 150000.000000 -3.00947514106296e-07
0.222222 90.000000 150000.000000 -3.00947514106296e-07
0.333333 90.000000 150000.000000 -3.00947514106296e-07
0.444444 90.000000 150000.000000 -3.00947514106296e-07
0.555556 90.000000 150000.000000 -3.00947514106296e-07
0.666667 90.000000 150000.000000 -3.00947514106296e-07
0.777778 90.000000 150000.000000 -3.00947514106296e-07
0.888889 90.000000 150000.000000 -3.00947514106296e-07
1.000000 90.000000 150000.000000 -3.00947514106296e-07
