# gzzz component calculated with tessgzzz 2017:
#   local time: Sun Mar 11 02:44:04 2018
#   model file: tesseroid_vs_spherical_shell_files/model-size1.0.tess (64800 tesseroids)
#   GLQ order: 2 lon / 2 lat / 2 r
#   Use recursive division of tesseroids: True
#   Distance-size ratio for recusive division: 30
0.000000 89.000000 4000.000000 -3.31555746736284e-07
0.111111 89.000000 4000.000000 -3.31580657015156e-07
0.222222 89.000000 4000.000000 -3.31568530755159e-07
0.333333 89.000000 4000.000000 -3.31583815607444e-07
0.444444 89.000000 4000.000000 -3.31554983623628e-07
0.555556 89.000000 4000.000000 -3.31554984131316e-07
0.666667 89.000000 4000.000000 -3.31583816219961e-07
0.777778 89.000000 4000.000000 -3.31568531282496e-07
0.888889 89.000000 4000.000000 -3.3158065990445e-07
1.000000 89.000000 4000.000000 -3.3155574711578e-07
0.000000 89.111111 4000.000000 -3.31120646038116e-07
0.111111 89.111111 4000.000000 -3.31152002160415e-07
0.222222 89.111111 4000.000000 -3.31163862505283e-07
0.333333 89.111111 4000.000000 -3.31154711574023e-07
0.444444 89.111111 4000.000000 -3.31140116919287e-07
0.555556 89.111111 4000.000000 -3.31140116345344e-07
0.666667 89.111111 4000.000000 -3.31154711408992e-07
0.777778 89.111111 4000.000000 -3.31163862764885e-07
0.888889 89.111111 4000.000000 -3.31152003375928e-07
1.000000 89.111111 4000.000000 -3.31120645788406e-07
0.000000 89.222222 4000.000000 -3.29981754041843e-07
0.111111 89.222222 4000.000000 -3.29981250276142e-07
0.222222 89.222222 4000.000000 -3.30026528608666e-07
0.333333 89.222222 4000.000000 -3.2999812552705e-07
0.444444 89.222222 4000.000000 -3.2999551956369e-07
0.555556 89.222222 4000.000000 -3.29995520406815e-07
0.666667 89.222222 4000.000000 -3.29998123443484e-07
0.777778 89.222222 4000.000000 -3.30026529525815e-07
0.888889 89.222222 4000.000000 -3.29981250489282e-07
1.000000 89.222222 4000.000000 -3.29981755650421e-07
0.000000 89.333333 4000.000000 -3.29959452639301e-07
0.111111 89.333333 4000.000000 -3.29941397794057e-07
0.222222 89.333333 4000.000000 -3.2994920542899e-07
0.333333 89.333333 4000.000000 -3.29950934094825e-07
0.444444 89.333333 4000.000000 -3.29951206393679e-07
0.555556 89.333333 4000.000000 -3.29951205707772e-07
0.666667 89.333333 4000.000000 -3.29950934389266e-07
0.777778 89.333333 4000.000000 -3.29949205200006e-07
0.888889 89.333333 4000.000000 -3.29941398261583e-07
1.000000 89.333333 4000.000000 -3.29959451867383e-07
0.000000 89.444444 4000.000000 -3.31054945263025e-07
0.111111 89.444444 4000.000000 -3.31056549287447e-07
0.222222 89.444444 4000.000000 -3.31032489667726e-07
0.333333 89.444444 4000.000000 -3.31021885834091e-07
0.444444 89.444444 4000.000000 -3.31040876994786e-07
0.555556 89.444444 4000.000000 -3.31040878046753e-07
0.666667 89.444444 4000.000000 -3.31021885506214e-07
0.777778 89.444444 4000.000000 -3.3103249048271e-07
0.888889 89.444444 4000.000000 -3.31056549091921e-07
1.000000 89.444444 4000.000000 -3.31054945261987e-07
0.000000 89.555556 4000.000000 -3.31082685251006e-07
0.111111 89.555556 4000.000000 -3.31089564086387e-07
0.222222 89.555556 4000.000000 -3.31077553391317e-07
0.333333 89.555556 4000.000000 -3.31079880670031e-07
0.444444 89.555556 4000.000000 -3.31097671678787e-07
0.555556 89.555556 4000.000000 -3.31097671742589e-07
0.666667 89.555556 4000.000000 -3.31079880565513e-07
0.777778 89.555556 4000.000000 -3.31077551612703e-07
0.888889 89.555556 4000.000000 -3.31089561384469e-07
1.000000 89.555556 4000.000000 -3.31082684688409e-07
0.000000 89.666667 4000.000000 -3.2997879626966e-07
0.111111 89.666667 4000.000000 -3.29992403700481e-07
0.222222 89.666667 4000.000000 -3.2999270275828e-07
0.333333 89.666667 4000.000000 -3.29986241714538e-07
0.444444 89.666667 4000.000000 -3.2998771238121e-07
0.555556 89.666667 4000.000000 -3.29987712232857e-07
0.666667 89.666667 4000.000000 -3.29986241734514e-07
0.777778 89.666667 4000.000000 -3.29992702950477e-07
0.888889 89.666667 4000.000000 -3.29992403298802e-07
1.000000 89.666667 4000.000000 -3.29978796725871e-07
0.000000 89.777778 4000.000000 -3.30649171534233e-07
0.111111 89.777778 4000.000000 -3.30639217324833e-07
0.222222 89.777778 4000.000000 -3.30650121850476e-07
0.333333 89.777778 4000.000000 -3.30639450896265e-07
0.444444 89.777778 4000.000000 -3.30654419330291e-07
0.555556 89.777778 4000.000000 -3.30654419955888e-07
0.666667 89.777778 4000.000000 -3.30639451011419e-07
0.777778 89.777778 4000.000000 -3.30650122199233e-07
0.888889 89.777778 4000.000000 -3.30639217121496e-07
1.000000 89.777778 4000.000000 -3.30649172141248e-07
0.000000 89.888889 4000.000000 -3.30909914440096e-07
0.111111 89.888889 4000.000000 -3.30881418487845e-07
0.222222 89.888889 4000.000000 -3.30884440505802e-07
0.333333 89.888889 4000.000000 -3.30879466051528e-07
0.444444 89.888889 4000.000000 -3.30891428997742e-07
0.555556 89.888889 4000.000000 -3.30891428823319e-07
0.666667 89.888889 4000.000000 -3.30879466346052e-07
0.777778 89.888889 4000.000000 -3.30884440273545e-07
0.888889 89.888889 4000.000000 -3.30881418975466e-07
1.000000 89.888889 4000.000000 -3.30909914561529e-07
0.000000 90.000000 4000.000000 -3.27395430785309e-07
0.111111 90.000000 4000.000000 -3.27395430785309e-07
0.222222 90.000000 4000.000000 -3.27395430785309e-07
0.333333 90.000000 4000.000000 -3.27395430785309e-07
0.444444 90.000000 4000.000000 -3.27395430785309e-07
0.555556 90.000000 4000.000000 -3.27395430785309e-07
0.666667 90.000000 4000.000000 -3.27395430785309e-07
0.777778 90.000000 4000.000000 -3.27395430785309e-07
0.888889 90.000000 4000.000000 -3.27395430785309e-07
1.000000 90.000000 4000.000000 -3.27395430785309e-07
