# gzzz component calculated with tessgzzz 2017:
#   local time: Sun Mar 11 03:15:56 2018
#   model file: tesseroid_vs_spherical_shell_files/model-size1.0.tess (64800 tesseroids)
#   GLQ order: 2 lon / 2 lat / 2 r
#   Use recursive division of tesseroids: True
#   Distance-size ratio for recusive division: 40
0.000000 89.000000 150000.000000 -3.00948531085623e-07
0.111111 89.000000 150000.000000 -3.00948531227684e-07
0.222222 89.000000 150000.000000 -3.00948531069847e-07
0.333333 89.000000 150000.000000 -3.00948531047614e-07
0.444444 89.000000 150000.000000 -3.00948530842495e-07
0.555556 89.000000 150000.000000 -3.00948530842553e-07
0.666667 89.000000 150000.000000 -3.00948531047571e-07
0.777778 89.000000 150000.000000 -3.00948531069848e-07
0.888889 89.000000 150000.000000 -3.00948531227603e-07
1.000000 89.000000 150000.000000 -3.00948531085632e-07
0.000000 89.111111 150000.000000 -3.00948531763178e-07
0.111111 89.111111 150000.000000 -3.00948531752096e-07
0.222222 89.111111 150000.000000 -3.00948531888214e-07
0.333333 89.111111 150000.000000 -3.00948531772001e-07
0.444444 89.111111 150000.000000 -3.00948531822102e-07
0.555556 89.111111 150000.000000 -3.00948531822166e-07
0.666667 89.111111 150000.000000 -3.00948531772219e-07
0.777778 89.111111 150000.000000 -3.009485318883e-07
0.888889 89.111111 150000.000000 -3.00948531752108e-07
1.000000 89.111111 150000.000000 -3.00948531763221e-07
0.000000 89.222222 150000.000000 -3.00948518630648e-07
0.111111 89.222222 150000.000000 -3.00948518655382e-07
0.222222 89.222222 150000.000000 -3.00948518701677e-07
0.333333 89.222222 150000.000000 -3.00948518502538e-07
0.444444 89.222222 150000.000000 -3.00948518457591e-07
0.555556 89.222222 150000.000000 -3.00948518457326e-07
0.666667 89.222222 150000.000000 -3.00948518502418e-07
0.777778 89.222222 150000.000000 -3.00948518701781e-07
0.888889 89.222222 150000.000000 -3.00948518655661e-07
1.000000 89.222222 150000.000000 -3.00948518630587e-07
0.000000 89.333333 150000.000000 -3.00948479504947e-07
0.111111 89.333333 150000.000000 -3.00948479602863e-07
0.222222 89.333333 150000.000000 -3.00948479278663e-07
0.333333 89.333333 150000.000000 -3.00948479429708e-07
0.444444 89.333333 150000.000000 -3.00948479605922e-07
0.555556 89.333333 150000.000000 -3.00948479605983e-07
0.666667 89.333333 150000.000000 -3.00948479429689e-07
0.777778 89.333333 150000.000000 -3.00948479278668e-07
0.888889 89.333333 150000.000000 -3.00948479602945e-07
1.000000 89.333333 150000.000000 -3.00948479504933e-07
0.000000 89.444444 150000.000000 -3.00948403673076e-07
0.111111 89.444444 150000.000000 -3.00948403612811e-07
0.222222 89.444444 150000.000000 -3.00948403634096e-07
0.333333 89.444444 150000.000000 -3.00948403666947e-07
0.444444 89.444444 150000.000000 -3.00948403667672e-07
0.555556 89.444444 150000.000000 -3.00948403667652e-07
0.666667 89.444444 150000.000000 -3.00948403666856e-07
0.777778 89.444444 150000.000000 -3.00948403633932e-07
0.888889 89.444444 150000.000000 -3.00948403612906e-07
1.000000 89.444444 150000.000000 -3.00948403673089e-07
0.000000 89.555556 150000.000000 -3.00948286336397e-07
0.111111 89.555556 150000.000000 -3.00948286274823e-07
0.222222 89.555556 150000.000000 -3.00948286061745e-07
0.333333 89.555556 150000.000000 -3.00948285888417e-07
0.444444 89.555556 150000.000000 -3.00948285611343e-07
0.555556 89.555556 150000.000000 -3.00948285611357e-07
0.666667 89.555556 150000.000000 -3.00948285888489e-07
0.777778 89.555556 150000.000000 -3.00948286061566e-07
0.888889 89.555556 150000.000000 -3.00948286274715e-07
1.000000 89.555556 150000.000000 -3.00948286336387e-07
0.000000 89.666667 150000.000000 -3.0094813977904e-07
0.111111 89.666667 150000.000000 -3.00948139910616e-07
0.222222 89.666667 150000.000000 -3.00948140036453e-07
0.333333 89.666667 150000.000000 -3.00948140293689e-07
0.444444 89.666667 150000.000000 -3.00948140078549e-07
0.555556 89.666667 150000.000000 -3.00948140078587e-07
0.666667 89.666667 150000.000000 -3.0094814029377e-07
0.777778 89.666667 150000.000000 -3.00948140036411e-07
0.888889 89.666667 150000.000000 -3.00948139910547e-07
1.000000 89.666667 150000.000000 -3.00948139779046e-07
0.000000 89.777778 150000.000000 -3.00947988413666e-07
0.111111 89.777778 150000.000000 -3.00947988228917e-07
0.222222 89.777778 150000.000000 -3.00947988144454e-07
0.333333 89.777778 150000.000000 -3.0094798808484e-07
0.444444 89.777778 150000.000000 -3.00947988007619e-07
0.555556 89.777778 150000.000000 -3.00947988007791e-07
0.666667 89.777778 150000.000000 -3.00947988084868e-07
0.777778 89.777778 150000.000000 -3.00947988144341e-07
0.888889 89.777778 150000.000000 -3.00947988228806e-07
1.000000 89.777778 150000.000000 -3.00947988413666e-07
0.000000 89.888889 150000.000000 -3.00947871710187e-07
0.111111 89.888889 150000.000000 -3.00947871791019e-07
0.222222 89.888889 150000.000000 -3.00947871811483e-07
0.333333 89.888889 150000.000000 -3.00947871723758e-07
0.444444 89.888889 150000.000000 -3.00947871640203e-07
0.555556 89.888889 150000.000000 -3.00947871640282e-07
0.666667 89.888889 150000.000000 -3.00947871723461e-07
0.777778 89.888889 150000.000000 -3.00947871811377e-07
0.888889 89.888889 150000.000000 -3.00947871790972e-07
1.000000 89.888889 150000.000000 -3.00947871710197e-07
0.000000 90.000000 150000.000000 -3.00947816011265e-07
0.111111 90.000000 150000.000000 -3.00947816011265e-07
0.222222 90.000000 150000.000000 -3.00947816011265e-07
0.333333 90.000000 150000.000000 -3.00947816011265e-07
0.444444 90.000000 150000.000000 -3.00947816011265e-07
0.555556 90.000000 150000.000000 -3.00947816011265e-07
0.666667 90.000000 150000.000000 -3.00947816011265e-07
0.777778 90.000000 150000.000000 -3.00947816011265e-07
0.888889 90.000000 150000.000000 -3.00947816011265e-07
1.000000 90.000000 150000.000000 -3.00947816011265e-07
