# gzzz component calculated with tessgzzz 2017:
#   local time: Sun Mar 11 03:12:52 2018
#   model file: tesseroid_vs_spherical_shell_files/model-size1.0.tess (64800 tesseroids)
#   GLQ order: 2 lon / 2 lat / 2 r
#   Use recursive division of tesseroids: True
#   Distance-size ratio for recusive division: 37.5
0.000000 89.000000 50000.000000 -3.20114697766666e-07
0.111111 89.000000 50000.000000 -3.20114699254083e-07
0.222222 89.000000 50000.000000 -3.20114719755273e-07
0.333333 89.000000 50000.000000 -3.20114728416074e-07
0.444444 89.000000 50000.000000 -3.20114698527314e-07
0.555556 89.000000 50000.000000 -3.20114698527757e-07
0.666667 89.000000 50000.000000 -3.20114728415591e-07
0.777778 89.000000 50000.000000 -3.20114719753589e-07
0.888889 89.000000 50000.000000 -3.20114699255e-07
1.000000 89.000000 50000.000000 -3.20114697766822e-07
0.000000 89.111111 50000.000000 -3.20115132448148e-07
0.111111 89.111111 50000.000000 -3.20115145142423e-07
0.222222 89.111111 50000.000000 -3.2011514042965e-07
0.333333 89.111111 50000.000000 -3.20115182030524e-07
0.444444 89.111111 50000.000000 -3.20115186919586e-07
0.555556 89.111111 50000.000000 -3.20115186919494e-07
0.666667 89.111111 50000.000000 -3.20115182030401e-07
0.777778 89.111111 50000.000000 -3.20115140429021e-07
0.888889 89.111111 50000.000000 -3.20115145141902e-07
1.000000 89.111111 50000.000000 -3.20115132447653e-07
0.000000 89.222222 50000.000000 -3.20115525000794e-07
0.111111 89.222222 50000.000000 -3.20115442642411e-07
0.222222 89.222222 50000.000000 -3.20115445134155e-07
0.333333 89.222222 50000.000000 -3.20115448101013e-07
0.444444 89.222222 50000.000000 -3.20115458982602e-07
0.555556 89.222222 50000.000000 -3.20115458982436e-07
0.666667 89.222222 50000.000000 -3.20115448099221e-07
0.777778 89.222222 50000.000000 -3.20115445133551e-07
0.888889 89.222222 50000.000000 -3.20115442642693e-07
1.000000 89.222222 50000.000000 -3.20115525000903e-07
0.000000 89.333333 50000.000000 -3.20116592316778e-07
0.111111 89.333333 50000.000000 -3.20116516210114e-07
0.222222 89.333333 50000.000000 -3.20116507397032e-07
0.333333 89.333333 50000.000000 -3.20116497845762e-07
0.444444 89.333333 50000.000000 -3.20116477143905e-07
0.555556 89.333333 50000.000000 -3.20116477144695e-07
0.666667 89.333333 50000.000000 -3.20116497844804e-07
0.777778 89.333333 50000.000000 -3.20116507395619e-07
0.888889 89.333333 50000.000000 -3.20116516209951e-07
1.000000 89.333333 50000.000000 -3.20116592316981e-07
0.000000 89.444444 50000.000000 -3.20117497958622e-07
0.111111 89.444444 50000.000000 -3.20117507647027e-07
0.222222 89.444444 50000.000000 -3.20117548360702e-07
0.333333 89.444444 50000.000000 -3.20117553308519e-07
0.444444 89.444444 50000.000000 -3.20117553707616e-07
0.555556 89.444444 50000.000000 -3.20117553707449e-07
0.666667 89.444444 50000.000000 -3.20117553307455e-07
0.777778 89.444444 50000.000000 -3.20117548360702e-07
0.888889 89.444444 50000.000000 -3.20117507647148e-07
1.000000 89.444444 50000.000000 -3.20117497958109e-07
0.000000 89.555556 50000.000000 -3.20117436418983e-07
0.111111 89.555556 50000.000000 -3.20117436829414e-07
0.222222 89.555556 50000.000000 -3.20117435357497e-07
0.333333 89.555556 50000.000000 -3.2011744187487e-07
0.444444 89.555556 50000.000000 -3.20117444491215e-07
0.555556 89.555556 50000.000000 -3.20117444491135e-07
0.666667 89.555556 50000.000000 -3.20117441874097e-07
0.777778 89.555556 50000.000000 -3.20117435357098e-07
0.888889 89.555556 50000.000000 -3.20117436829266e-07
1.000000 89.555556 50000.000000 -3.20117436419062e-07
0.000000 89.666667 50000.000000 -3.20119076081928e-07
0.111111 89.666667 50000.000000 -3.20119072039159e-07
0.222222 89.666667 50000.000000 -3.20119067528666e-07
0.333333 89.666667 50000.000000 -3.20119065770899e-07
0.444444 89.666667 50000.000000 -3.20119065766525e-07
0.555556 89.666667 50000.000000 -3.20119065767165e-07
0.666667 89.666667 50000.000000 -3.20119065768809e-07
0.777778 89.666667 50000.000000 -3.20119067528735e-07
0.888889 89.666667 50000.000000 -3.20119072037744e-07
1.000000 89.666667 50000.000000 -3.20119076081983e-07
0.000000 89.777778 50000.000000 -3.20118666341953e-07
0.111111 89.777778 50000.000000 -3.20118665677904e-07
0.222222 89.777778 50000.000000 -3.20118666402164e-07
0.333333 89.777778 50000.000000 -3.20118671226542e-07
0.444444 89.777778 50000.000000 -3.20118670593515e-07
0.555556 89.777778 50000.000000 -3.20118670592903e-07
0.666667 89.777778 50000.000000 -3.20118671227151e-07
0.777778 89.777778 50000.000000 -3.20118666403045e-07
0.888889 89.777778 50000.000000 -3.2011866567818e-07
1.000000 89.777778 50000.000000 -3.20118666341944e-07
0.000000 89.888889 50000.000000 -3.20116714938685e-07
0.111111 89.888889 50000.000000 -3.2011671881878e-07
0.222222 89.888889 50000.000000 -3.20116715569665e-07
0.333333 89.888889 50000.000000 -3.20116715374517e-07
0.444444 89.888889 50000.000000 -3.20116712007031e-07
0.555556 89.888889 50000.000000 -3.20116712007153e-07
0.666667 89.888889 50000.000000 -3.2011671537444e-07
0.777778 89.888889 50000.000000 -3.20116715569209e-07
0.888889 89.888889 50000.000000 -3.20116718818657e-07
1.000000 89.888889 50000.000000 -3.20116714938623e-07
0.000000 90.000000 50000.000000 -3.20115497174489e-07
0.111111 90.000000 50000.000000 -3.20115497174489e-07
0.222222 90.000000 50000.000000 -3.20115497174489e-07
0.333333 90.000000 50000.000000 -3.20115497174489e-07
0.444444 90.000000 50000.000000 -3.20115497174489e-07
0.555556 90.000000 50000.000000 -3.20115497174489e-07
0.666667 90.000000 50000.000000 -3.20115497174489e-07
0.777778 90.000000 50000.000000 -3.20115497174489e-07
0.888889 90.000000 50000.000000 -3.20115497174489e-07
1.000000 90.000000 50000.000000 -3.20115497174489e-07
