# gzzz component calculated with tessgzzz 2017:
#   local time: Sun Mar 11 03:15:05 2018
#   model file: tesseroid_vs_spherical_shell_files/model-size1.0.tess (64800 tesseroids)
#   GLQ order: 2 lon / 2 lat / 2 r
#   Use recursive division of tesseroids: True
#   Distance-size ratio for recusive division: 25
0.000000 89.000000 150000.000000 -3.00950176088962e-07
0.111111 89.000000 150000.000000 -3.00950174274287e-07
0.222222 89.000000 150000.000000 -3.00950169029394e-07
0.333333 89.000000 150000.000000 -3.0095017093369e-07
0.444444 89.000000 150000.000000 -3.00950168799594e-07
0.555556 89.000000 150000.000000 -3.00950168799471e-07
0.666667 89.000000 150000.000000 -3.00950170933546e-07
0.777778 89.000000 150000.000000 -3.00950169029371e-07
0.888889 89.000000 150000.000000 -3.00950174274516e-07
1.000000 89.000000 150000.000000 -3.0095017608901e-07
0.000000 89.111111 150000.000000 -3.00950253341498e-07
0.111111 89.111111 150000.000000 -3.00950252669861e-07
0.222222 89.111111 150000.000000 -3.00950253140266e-07
0.333333 89.111111 150000.000000 -3.00950253779436e-07
0.444444 89.111111 150000.000000 -3.00950255178579e-07
0.555556 89.111111 150000.000000 -3.00950255178524e-07
0.666667 89.111111 150000.000000 -3.00950253779552e-07
0.777778 89.111111 150000.000000 -3.0095025314045e-07
0.888889 89.111111 150000.000000 -3.00950252669827e-07
1.000000 89.111111 150000.000000 -3.00950253341513e-07
0.000000 89.222222 150000.000000 -3.00950248949002e-07
0.111111 89.222222 150000.000000 -3.00950240894299e-07
0.222222 89.222222 150000.000000 -3.00950240635951e-07
0.333333 89.222222 150000.000000 -3.00950236817143e-07
0.444444 89.222222 150000.000000 -3.00950239684566e-07
0.555556 89.222222 150000.000000 -3.00950239684653e-07
0.666667 89.222222 150000.000000 -3.00950236817113e-07
0.777778 89.222222 150000.000000 -3.00950240635905e-07
0.888889 89.222222 150000.000000 -3.00950240894381e-07
1.000000 89.222222 150000.000000 -3.00950248948965e-07
0.000000 89.333333 150000.000000 -3.00951080168113e-07
0.111111 89.333333 150000.000000 -3.00951077042078e-07
0.222222 89.333333 150000.000000 -3.00951075849952e-07
0.333333 89.333333 150000.000000 -3.00951079438455e-07
0.444444 89.333333 150000.000000 -3.00951077995018e-07
0.555556 89.333333 150000.000000 -3.00951077995013e-07
0.666667 89.333333 150000.000000 -3.00951079438488e-07
0.777778 89.333333 150000.000000 -3.0095107584995e-07
0.888889 89.333333 150000.000000 -3.00951077042133e-07
1.000000 89.333333 150000.000000 -3.00951080168106e-07
0.000000 89.444444 150000.000000 -3.00951485154337e-07
0.111111 89.444444 150000.000000 -3.00951483651585e-07
0.222222 89.444444 150000.000000 -3.00951479165061e-07
0.333333 89.444444 150000.000000 -3.00951475741683e-07
0.444444 89.444444 150000.000000 -3.00951475230025e-07
0.555556 89.444444 150000.000000 -3.00951475230005e-07
0.666667 89.444444 150000.000000 -3.00951475741628e-07
0.777778 89.444444 150000.000000 -3.00951479164918e-07
0.888889 89.444444 150000.000000 -3.00951483651486e-07
1.000000 89.444444 150000.000000 -3.00951485154363e-07
0.000000 89.555556 150000.000000 -3.00951554323785e-07
0.111111 89.555556 150000.000000 -3.00951556633386e-07
0.222222 89.555556 150000.000000 -3.00951565060791e-07
0.333333 89.555556 150000.000000 -3.0095156521648e-07
0.444444 89.555556 150000.000000 -3.00951562692313e-07
0.555556 89.555556 150000.000000 -3.00951562692296e-07
0.666667 89.555556 150000.000000 -3.00951565216381e-07
0.777778 89.555556 150000.000000 -3.00951565060724e-07
0.888889 89.555556 150000.000000 -3.0095155663343e-07
1.000000 89.555556 150000.000000 -3.00951554323776e-07
0.000000 89.666667 150000.000000 -3.00951542284681e-07
0.111111 89.666667 150000.000000 -3.00951544564551e-07
0.222222 89.666667 150000.000000 -3.00951541198863e-07
0.333333 89.666667 150000.000000 -3.00951543882759e-07
0.444444 89.666667 150000.000000 -3.00951545063986e-07
0.555556 89.666667 150000.000000 -3.00951545063987e-07
0.666667 89.666667 150000.000000 -3.00951543882722e-07
0.777778 89.666667 150000.000000 -3.00951541198819e-07
0.888889 89.666667 150000.000000 -3.00951544564531e-07
1.000000 89.666667 150000.000000 -3.00951542284686e-07
0.000000 89.777778 150000.000000 -3.00951422567635e-07
0.111111 89.777778 150000.000000 -3.00951424609406e-07
0.222222 89.777778 150000.000000 -3.00951422021572e-07
0.333333 89.777778 150000.000000 -3.00951418096887e-07
0.444444 89.777778 150000.000000 -3.0095141575473e-07
0.555556 89.777778 150000.000000 -3.00951415754801e-07
0.666667 89.777778 150000.000000 -3.00951418096906e-07
0.777778 89.777778 150000.000000 -3.00951422021465e-07
0.888889 89.777778 150000.000000 -3.0095142460934e-07
1.000000 89.777778 150000.000000 -3.00951422567633e-07
0.000000 89.888889 150000.000000 -3.00951306426928e-07
0.111111 89.888889 150000.000000 -3.00951304098896e-07
0.222222 89.888889 150000.000000 -3.00951304132322e-07
0.333333 89.888889 150000.000000 -3.00951304131773e-07
0.444444 89.888889 150000.000000 -3.00951304419083e-07
0.555556 89.888889 150000.000000 -3.0095130441921e-07
0.666667 89.888889 150000.000000 -3.00951304131692e-07
0.777778 89.888889 150000.000000 -3.00951304132319e-07
0.888889 89.888889 150000.000000 -3.00951304098797e-07
1.000000 89.888889 150000.000000 -3.00951306426927e-07
0.000000 90.000000 150000.000000 -3.00950886457449e-07
0.111111 90.000000 150000.000000 -3.00950886457449e-07
0.222222 90.000000 150000.000000 -3.00950886457449e-07
0.333333 90.000000 150000.000000 -3.00950886457449e-07
0.444444 90.000000 150000.000000 -3.00950886457449e-07
0.555556 90.000000 150000.000000 -3.00950886457449e-07
0.666667 90.000000 150000.000000 -3.00950886457449e-07
0.777778 90.000000 150000.000000 -3.00950886457449e-07
0.888889 90.000000 150000.000000 -3.00950886457449e-07
1.000000 90.000000 150000.000000 -3.00950886457449e-07
