# gzzz component calculated with tessgzzz 2017:
#   local time: Sun Mar 11 03:06:13 2018
#   model file: tesseroid_vs_spherical_shell_files/model-size1.0.tess (64800 tesseroids)
#   GLQ order: 2 lon / 2 lat / 2 r
#   Use recursive division of tesseroids: True
#   Distance-size ratio for recusive division: 15
0.000000 89.000000 10000.000000 -3.23337637187499e-07
0.111111 89.000000 10000.000000 -3.23263414189926e-07
0.222222 89.000000 10000.000000 -3.23294022059736e-07
0.333333 89.000000 10000.000000 -3.23426130407409e-07
0.444444 89.000000 10000.000000 -3.23285500094522e-07
0.555556 89.000000 10000.000000 -3.2328550015366e-07
0.666667 89.000000 10000.000000 -3.23426130439114e-07
0.777778 89.000000 10000.000000 -3.23294022113514e-07
0.888889 89.000000 10000.000000 -3.23263414135781e-07
1.000000 89.000000 10000.000000 -3.23337637214437e-07
0.000000 89.111111 10000.000000 -3.23153259201363e-07
0.111111 89.111111 10000.000000 -3.23338976860257e-07
0.222222 89.111111 10000.000000 -3.23294737132855e-07
0.333333 89.111111 10000.000000 -3.23316540657773e-07
0.444444 89.111111 10000.000000 -3.23304307374772e-07
0.555556 89.111111 10000.000000 -3.23304307393984e-07
0.666667 89.111111 10000.000000 -3.23316540659763e-07
0.777778 89.111111 10000.000000 -3.23294737164623e-07
0.888889 89.111111 10000.000000 -3.23338976852313e-07
1.000000 89.111111 10000.000000 -3.23153259204675e-07
0.000000 89.222222 10000.000000 -3.25881746297145e-07
0.111111 89.222222 10000.000000 -3.25488243536129e-07
0.222222 89.222222 10000.000000 -3.25617479614934e-07
0.333333 89.222222 10000.000000 -3.25703699459666e-07
0.444444 89.222222 10000.000000 -3.25434407588712e-07
0.555556 89.222222 10000.000000 -3.25434406948383e-07
0.666667 89.222222 10000.000000 -3.25703699485216e-07
0.777778 89.222222 10000.000000 -3.25617479604681e-07
0.888889 89.222222 10000.000000 -3.25488243531364e-07
1.000000 89.222222 10000.000000 -3.25881746297665e-07
0.000000 89.333333 10000.000000 -3.26996523181981e-07
0.111111 89.333333 10000.000000 -3.27243879192916e-07
0.222222 89.333333 10000.000000 -3.27359463586415e-07
0.333333 89.333333 10000.000000 -3.27274113328958e-07
0.444444 89.333333 10000.000000 -3.27174226367058e-07
0.555556 89.333333 10000.000000 -3.27174226402082e-07
0.666667 89.333333 10000.000000 -3.27274113368892e-07
0.777778 89.333333 10000.000000 -3.27359463603588e-07
0.888889 89.333333 10000.000000 -3.27243879199989e-07
1.000000 89.333333 10000.000000 -3.26996523184707e-07
0.000000 89.444444 10000.000000 -3.24401768876192e-07
0.111111 89.444444 10000.000000 -3.24438595910968e-07
0.222222 89.444444 10000.000000 -3.24572881361332e-07
0.333333 89.444444 10000.000000 -3.24559816703522e-07
0.444444 89.444444 10000.000000 -3.24523244988106e-07
0.555556 89.444444 10000.000000 -3.24523244913992e-07
0.666667 89.444444 10000.000000 -3.24559816701863e-07
0.777778 89.444444 10000.000000 -3.24572881360263e-07
0.888889 89.444444 10000.000000 -3.24438595929265e-07
1.000000 89.444444 10000.000000 -3.24401768873594e-07
0.000000 89.555556 10000.000000 -3.23282643102242e-07
0.111111 89.555556 10000.000000 -3.23063975175857e-07
0.222222 89.555556 10000.000000 -3.23120040680686e-07
0.333333 89.555556 10000.000000 -3.23093264228041e-07
0.444444 89.555556 10000.000000 -3.22952783292824e-07
0.555556 89.555556 10000.000000 -3.22952783318555e-07
0.666667 89.555556 10000.000000 -3.23093264251993e-07
0.777778 89.555556 10000.000000 -3.23120040731281e-07
0.888889 89.555556 10000.000000 -3.23063975176737e-07
1.000000 89.555556 10000.000000 -3.23282643100627e-07
0.000000 89.666667 10000.000000 -3.27746418731057e-07
0.111111 89.666667 10000.000000 -3.27896092628067e-07
0.222222 89.666667 10000.000000 -3.27910131595163e-07
0.333333 89.666667 10000.000000 -3.28068132851992e-07
0.444444 89.666667 10000.000000 -3.28096926145284e-07
0.555556 89.666667 10000.000000 -3.28096926157218e-07
0.666667 89.666667 10000.000000 -3.28068132861056e-07
0.777778 89.666667 10000.000000 -3.27910131608831e-07
0.888889 89.666667 10000.000000 -3.27896092629849e-07
1.000000 89.666667 10000.000000 -3.27746418730649e-07
0.000000 89.777778 10000.000000 -3.25025017105828e-07
0.111111 89.777778 10000.000000 -3.2498336692588e-07
0.222222 89.777778 10000.000000 -3.24982415119226e-07
0.333333 89.777778 10000.000000 -3.24965462455079e-07
0.444444 89.777778 10000.000000 -3.24890976341632e-07
0.555556 89.777778 10000.000000 -3.24890976321134e-07
0.666667 89.777778 10000.000000 -3.24965462458206e-07
0.777778 89.777778 10000.000000 -3.2498241512717e-07
0.888889 89.777778 10000.000000 -3.2498336693221e-07
1.000000 89.777778 10000.000000 -3.25025017092964e-07
0.000000 89.888889 10000.000000 -3.2550807031656e-07
0.111111 89.888889 10000.000000 -3.25499791203019e-07
0.222222 89.888889 10000.000000 -3.25493959836612e-07
0.333333 89.888889 10000.000000 -3.25494008429637e-07
0.444444 89.888889 10000.000000 -3.25517996046861e-07
0.555556 89.888889 10000.000000 -3.25517996052502e-07
0.666667 89.888889 10000.000000 -3.25494008427644e-07
0.777778 89.888889 10000.000000 -3.25493959838666e-07
0.888889 89.888889 10000.000000 -3.25499791205443e-07
1.000000 89.888889 10000.000000 -3.25508070308877e-07
0.000000 90.000000 10000.000000 -3.23080607935974e-07
0.111111 90.000000 10000.000000 -3.23080607935974e-07
0.222222 90.000000 10000.000000 -3.23080607935974e-07
0.333333 90.000000 10000.000000 -3.23080607935974e-07
0.444444 90.000000 10000.000000 -3.23080607935974e-07
0.555556 90.000000 10000.000000 -3.23080607935974e-07
0.666667 90.000000 10000.000000 -3.23080607935974e-07
0.777778 90.000000 10000.000000 -3.23080607935974e-07
0.888889 90.000000 10000.000000 -3.23080607935974e-07
1.000000 90.000000 10000.000000 -3.23080607935974e-07
