# gzzz component calculated with tessgzzz 2017:
#   local time: Sun Mar 11 03:09:50 2018
#   model file: tesseroid_vs_spherical_shell_files/model-size1.0.tess (64800 tesseroids)
#   GLQ order: 2 lon / 2 lat / 2 r
#   Use recursive division of tesseroids: True
#   Distance-size ratio for recusive division: 47.5
0.000000 89.000000 10000.000000 -3.28220702855568e-07
0.111111 89.000000 10000.000000 -3.282207104859e-07
0.222222 89.000000 10000.000000 -3.28220553488701e-07
0.333333 89.000000 10000.000000 -3.28220673435479e-07
0.444444 89.000000 10000.000000 -3.28220978292971e-07
0.555556 89.000000 10000.000000 -3.28220978311181e-07
0.666667 89.000000 10000.000000 -3.28220673368384e-07
0.777778 89.000000 10000.000000 -3.28220553436605e-07
0.888889 89.000000 10000.000000 -3.2822071050149e-07
1.000000 89.000000 10000.000000 -3.28220702852467e-07
0.000000 89.111111 10000.000000 -3.282530224408e-07
0.111111 89.111111 10000.000000 -3.28253352677488e-07
0.222222 89.111111 10000.000000 -3.2825314413681e-07
0.333333 89.111111 10000.000000 -3.28253278951402e-07
0.444444 89.111111 10000.000000 -3.28252911075119e-07
0.555556 89.111111 10000.000000 -3.28252911100423e-07
0.666667 89.111111 10000.000000 -3.28253278864875e-07
0.777778 89.111111 10000.000000 -3.28253144087737e-07
0.888889 89.111111 10000.000000 -3.28253352621307e-07
1.000000 89.111111 10000.000000 -3.28253022448287e-07
0.000000 89.222222 10000.000000 -3.28219207003658e-07
0.111111 89.222222 10000.000000 -3.28219010731232e-07
0.222222 89.222222 10000.000000 -3.28219234029414e-07
0.333333 89.222222 10000.000000 -3.28219421049004e-07
0.444444 89.222222 10000.000000 -3.28219366133437e-07
0.555556 89.222222 10000.000000 -3.28219366056219e-07
0.666667 89.222222 10000.000000 -3.28219421017041e-07
0.777778 89.222222 10000.000000 -3.28219233865428e-07
0.888889 89.222222 10000.000000 -3.28219010728529e-07
1.000000 89.222222 10000.000000 -3.28219206950188e-07
0.000000 89.333333 10000.000000 -3.28213582568711e-07
0.111111 89.333333 10000.000000 -3.2821370203879e-07
0.222222 89.333333 10000.000000 -3.28213879379966e-07
0.333333 89.333333 10000.000000 -3.28214020774156e-07
0.444444 89.333333 10000.000000 -3.28213884955508e-07
0.555556 89.333333 10000.000000 -3.28213884950939e-07
0.666667 89.333333 10000.000000 -3.28214020637589e-07
0.777778 89.333333 10000.000000 -3.28213879285233e-07
0.888889 89.333333 10000.000000 -3.28213701932954e-07
1.000000 89.333333 10000.000000 -3.28213582470289e-07
0.000000 89.444444 10000.000000 -3.28202169853744e-07
0.111111 89.444444 10000.000000 -3.28201924045789e-07
0.222222 89.444444 10000.000000 -3.282021167578e-07
0.333333 89.444444 10000.000000 -3.2820221963838e-07
0.444444 89.444444 10000.000000 -3.28202137024807e-07
0.555556 89.444444 10000.000000 -3.28202137090927e-07
0.666667 89.444444 10000.000000 -3.28202219572244e-07
0.777778 89.444444 10000.000000 -3.28202116688087e-07
0.888889 89.444444 10000.000000 -3.28201924049239e-07
1.000000 89.444444 10000.000000 -3.28202169803742e-07
0.000000 89.555556 10000.000000 -3.28240482935375e-07
0.111111 89.555556 10000.000000 -3.28241070705475e-07
0.222222 89.555556 10000.000000 -3.28240591290563e-07
0.333333 89.555556 10000.000000 -3.28240901888084e-07
0.444444 89.555556 10000.000000 -3.2824067446868e-07
0.555556 89.555556 10000.000000 -3.28240674501196e-07
0.666667 89.555556 10000.000000 -3.28240901744458e-07
0.777778 89.555556 10000.000000 -3.28240591274138e-07
0.888889 89.555556 10000.000000 -3.28241070641422e-07
1.000000 89.555556 10000.000000 -3.28240482980582e-07
0.000000 89.666667 10000.000000 -3.28215807528565e-07
0.111111 89.666667 10000.000000 -3.28215974627558e-07
0.222222 89.666667 10000.000000 -3.28215842329179e-07
0.333333 89.666667 10000.000000 -3.28215758324359e-07
0.444444 89.666667 10000.000000 -3.28215799965234e-07
0.555556 89.666667 10000.000000 -3.28215799929167e-07
0.666667 89.666667 10000.000000 -3.28215758318238e-07
0.777778 89.666667 10000.000000 -3.28215842364782e-07
0.888889 89.666667 10000.000000 -3.28215974582062e-07
1.000000 89.666667 10000.000000 -3.28215807506161e-07
0.000000 89.777778 10000.000000 -3.28217725472925e-07
0.111111 89.777778 10000.000000 -3.28217376277247e-07
0.222222 89.777778 10000.000000 -3.28217557649416e-07
0.333333 89.777778 10000.000000 -3.28217545006164e-07
0.444444 89.777778 10000.000000 -3.28217977977111e-07
0.555556 89.777778 10000.000000 -3.28217977946565e-07
0.666667 89.777778 10000.000000 -3.28217544980482e-07
0.777778 89.777778 10000.000000 -3.28217557452797e-07
0.888889 89.777778 10000.000000 -3.28217376326826e-07
1.000000 89.777778 10000.000000 -3.28217725462509e-07
0.000000 89.888889 10000.000000 -3.28213725961498e-07
0.111111 89.888889 10000.000000 -3.28213601349021e-07
0.222222 89.888889 10000.000000 -3.28213556206747e-07
0.333333 89.888889 10000.000000 -3.28213631837237e-07
0.444444 89.888889 10000.000000 -3.28213917170029e-07
0.555556 89.888889 10000.000000 -3.28213917156794e-07
0.666667 89.888889 10000.000000 -3.28213631823849e-07
0.777778 89.888889 10000.000000 -3.28213556203552e-07
0.888889 89.888889 10000.000000 -3.28213601330877e-07
1.000000 89.888889 10000.000000 -3.28213726002048e-07
0.000000 90.000000 10000.000000 -3.28262376273265e-07
0.111111 90.000000 10000.000000 -3.28262376273265e-07
0.222222 90.000000 10000.000000 -3.28262376273265e-07
0.333333 90.000000 10000.000000 -3.28262376273265e-07
0.444444 90.000000 10000.000000 -3.28262376273265e-07
0.555556 90.000000 10000.000000 -3.28262376273265e-07
0.666667 90.000000 10000.000000 -3.28262376273265e-07
0.777778 90.000000 10000.000000 -3.28262376273265e-07
0.888889 90.000000 10000.000000 -3.28262376273265e-07
1.000000 90.000000 10000.000000 -3.28262376273265e-07
