# gzzz component calculated with tessgzzz 2017:
#   local time: Sun Mar 11 02:42:44 2018
#   model file: tesseroid_vs_spherical_shell_files/model-size1.0.tess (64800 tesseroids)
#   GLQ order: 2 lon / 2 lat / 2 r
#   Use recursive division of tesseroids: True
#   Distance-size ratio for recusive division: 17.5
0.000000 89.000000 4000.000000 -3.30142711364363e-07
0.111111 89.000000 4000.000000 -3.30395562767424e-07
0.222222 89.000000 4000.000000 -3.30161650140515e-07
0.333333 89.000000 4000.000000 -3.30064391202443e-07
0.444444 89.000000 4000.000000 -3.29987032325646e-07
0.555556 89.000000 4000.000000 -3.29987033532932e-07
0.666667 89.000000 4000.000000 -3.30064392021669e-07
0.777778 89.000000 4000.000000 -3.30161650885491e-07
0.888889 89.000000 4000.000000 -3.30395562744963e-07
1.000000 89.000000 4000.000000 -3.30142711413481e-07
0.000000 89.111111 4000.000000 -3.35673390403212e-07
0.111111 89.111111 4000.000000 -3.35046666957138e-07
0.222222 89.111111 4000.000000 -3.34392211323461e-07
0.333333 89.111111 4000.000000 -3.34380565088386e-07
0.444444 89.111111 4000.000000 -3.34740476833962e-07
0.555556 89.111111 4000.000000 -3.34740477101e-07
0.666667 89.111111 4000.000000 -3.34380565136611e-07
0.777778 89.111111 4000.000000 -3.34392211238057e-07
0.888889 89.111111 4000.000000 -3.35046667467563e-07
1.000000 89.111111 4000.000000 -3.35673390463125e-07
0.000000 89.222222 4000.000000 -3.3193763594289e-07
0.111111 89.222222 4000.000000 -3.32716771740547e-07
0.222222 89.222222 4000.000000 -3.3265846042761e-07
0.333333 89.222222 4000.000000 -3.32975605570383e-07
0.444444 89.222222 4000.000000 -3.32555096976574e-07
0.555556 89.222222 4000.000000 -3.32555097141014e-07
0.666667 89.222222 4000.000000 -3.32975606091019e-07
0.777778 89.222222 4000.000000 -3.32658460986232e-07
0.888889 89.222222 4000.000000 -3.32716772224053e-07
1.000000 89.222222 4000.000000 -3.31937635749179e-07
0.000000 89.333333 4000.000000 -3.28360607026828e-07
0.111111 89.333333 4000.000000 -3.28505071808193e-07
0.222222 89.333333 4000.000000 -3.28501844783e-07
0.333333 89.333333 4000.000000 -3.2818283049112e-07
0.444444 89.333333 4000.000000 -3.28029315544255e-07
0.555556 89.333333 4000.000000 -3.2802931586155e-07
0.666667 89.333333 4000.000000 -3.28182830678222e-07
0.777778 89.333333 4000.000000 -3.28501844739403e-07
0.888889 89.333333 4000.000000 -3.28505071911833e-07
1.000000 89.333333 4000.000000 -3.28360606574564e-07
0.000000 89.444444 4000.000000 -3.26687218912599e-07
0.111111 89.444444 4000.000000 -3.27026566572484e-07
0.222222 89.444444 4000.000000 -3.26826012778909e-07
0.333333 89.444444 4000.000000 -3.26762856516219e-07
0.444444 89.444444 4000.000000 -3.26207396930582e-07
0.555556 89.444444 4000.000000 -3.26207397736874e-07
0.666667 89.444444 4000.000000 -3.267628569162e-07
0.777778 89.444444 4000.000000 -3.26826014112674e-07
0.888889 89.444444 4000.000000 -3.27026566941028e-07
1.000000 89.444444 4000.000000 -3.26687218855552e-07
0.000000 89.555556 4000.000000 -3.38302733926746e-07
0.111111 89.555556 4000.000000 -3.37933097991185e-07
0.222222 89.555556 4000.000000 -3.38105920497773e-07
0.333333 89.555556 4000.000000 -3.37894160919132e-07
0.444444 89.555556 4000.000000 -3.37485151762645e-07
0.555556 89.555556 4000.000000 -3.37485152214883e-07
0.666667 89.555556 4000.000000 -3.37894162465311e-07
0.777778 89.555556 4000.000000 -3.38105920416323e-07
0.888889 89.555556 4000.000000 -3.37933097508337e-07
1.000000 89.555556 4000.000000 -3.38302733964629e-07
0.000000 89.666667 4000.000000 -3.28224076822691e-07
0.111111 89.666667 4000.000000 -3.27940726587199e-07
0.222222 89.666667 4000.000000 -3.28287740916997e-07
0.333333 89.666667 4000.000000 -3.28211004679128e-07
0.444444 89.666667 4000.000000 -3.28168318597518e-07
0.555556 89.666667 4000.000000 -3.28168318731576e-07
0.666667 89.666667 4000.000000 -3.28211004395164e-07
0.777778 89.666667 4000.000000 -3.2828774084822e-07
0.888889 89.666667 4000.000000 -3.27940726514956e-07
1.000000 89.666667 4000.000000 -3.2822407692762e-07
0.000000 89.777778 4000.000000 -3.33338209991173e-07
0.111111 89.777778 4000.000000 -3.32841435677663e-07
0.222222 89.777778 4000.000000 -3.3290601241528e-07
0.333333 89.777778 4000.000000 -3.33115736319088e-07
0.444444 89.777778 4000.000000 -3.33170415441572e-07
0.555556 89.777778 4000.000000 -3.33170415364498e-07
0.666667 89.777778 4000.000000 -3.33115736690858e-07
0.777778 89.777778 4000.000000 -3.32906013295477e-07
0.888889 89.777778 4000.000000 -3.32841435513885e-07
1.000000 89.777778 4000.000000 -3.33338209964075e-07
0.000000 89.888889 4000.000000 -3.3163443463989e-07
0.111111 89.888889 4000.000000 -3.31199368750059e-07
0.222222 89.888889 4000.000000 -3.31347195421835e-07
0.333333 89.888889 4000.000000 -3.31377381831076e-07
0.444444 89.888889 4000.000000 -3.31807395463494e-07
0.555556 89.888889 4000.000000 -3.31807395607474e-07
0.666667 89.888889 4000.000000 -3.31377381888173e-07
0.777778 89.888889 4000.000000 -3.31347195274894e-07
0.888889 89.888889 4000.000000 -3.31199368566781e-07
1.000000 89.888889 4000.000000 -3.31634434595107e-07
0.000000 90.000000 4000.000000 -3.19539071380834e-07
0.111111 90.000000 4000.000000 -3.19539071380834e-07
0.222222 90.000000 4000.000000 -3.19539071380834e-07
0.333333 90.000000 4000.000000 -3.19539071380834e-07
0.444444 90.000000 4000.000000 -3.19539071380834e-07
0.555556 90.000000 4000.000000 -3.19539071380834e-07
0.666667 90.000000 4000.000000 -3.19539071380834e-07
0.777778 90.000000 4000.000000 -3.19539071380834e-07
0.888889 90.000000 4000.000000 -3.19539071380834e-07
1.000000 90.000000 4000.000000 -3.19539071380834e-07
