# gzzz component calculated with tessgzzz 2017:
#   local time: Sun Mar 11 02:59:35 2018
#   model file: tesseroid_vs_spherical_shell_files/model-size1.0.tess (64800 tesseroids)
#   GLQ order: 2 lon / 2 lat / 2 r
#   Use recursive division of tesseroids: True
#   Distance-size ratio for recusive division: 2.5
0.000000 89.000000 8000.000000 -4.20130596901391e-06
0.111111 89.000000 8000.000000 -4.20066583485903e-06
0.222222 89.000000 8000.000000 -4.2418721818171e-06
0.333333 89.000000 8000.000000 -4.20343284870375e-06
0.444444 89.000000 8000.000000 -4.43346427508938e-06
0.555556 89.000000 8000.000000 -4.43346427508829e-06
0.666667 89.000000 8000.000000 -4.2034328487005e-06
0.777778 89.000000 8000.000000 -4.24187218181786e-06
0.888889 89.000000 8000.000000 -4.20066583485849e-06
1.000000 89.000000 8000.000000 -4.20130596900817e-06
0.000000 89.111111 8000.000000 -3.75609189084398e-06
0.111111 89.111111 8000.000000 -2.80248633886551e-06
0.222222 89.111111 8000.000000 -1.19121759538024e-06
0.333333 89.111111 8000.000000 -2.58420807184028e-06
0.444444 89.111111 8000.000000 -2.57124193773177e-06
0.555556 89.111111 8000.000000 -2.57124193772651e-06
0.666667 89.111111 8000.000000 -2.58420807184595e-06
0.777778 89.111111 8000.000000 -1.19121759537607e-06
0.888889 89.111111 8000.000000 -2.80248633886509e-06
1.000000 89.111111 8000.000000 -3.75609189084083e-06
0.000000 89.222222 8000.000000 -3.76348981460843e-06
0.111111 89.222222 8000.000000 -3.98746465011856e-06
0.222222 89.222222 8000.000000 -3.93260338194484e-06
0.333333 89.222222 8000.000000 -3.45051977345569e-06
0.444444 89.222222 8000.000000 -3.47616434380091e-06
0.555556 89.222222 8000.000000 -3.47616434386072e-06
0.666667 89.222222 8000.000000 -3.45051977345169e-06
0.777778 89.222222 8000.000000 -3.93260338194858e-06
0.888889 89.222222 8000.000000 -3.98746465012316e-06
1.000000 89.222222 8000.000000 -3.76348981462417e-06
0.000000 89.333333 8000.000000 -2.33505691531158e-06
0.111111 89.333333 8000.000000 -3.07418958042773e-06
0.222222 89.333333 8000.000000 -2.38086846634566e-06
0.333333 89.333333 8000.000000 -2.3052415812837e-06
0.444444 89.333333 8000.000000 -2.27803638586791e-06
0.555556 89.333333 8000.000000 -2.27803638586468e-06
0.666667 89.333333 8000.000000 -2.30524158129066e-06
0.777778 89.333333 8000.000000 -2.38086846634885e-06
0.888889 89.333333 8000.000000 -3.07418958042341e-06
1.000000 89.333333 8000.000000 -2.335056915308e-06
0.000000 89.444444 8000.000000 -5.25303316966857e-06
0.111111 89.444444 8000.000000 -5.26985083937661e-06
0.222222 89.444444 8000.000000 -4.87953704253053e-06
0.333333 89.444444 8000.000000 -4.84779495226929e-06
0.444444 89.444444 8000.000000 -4.81433067231039e-06
0.555556 89.444444 8000.000000 -4.81433067231396e-06
0.666667 89.444444 8000.000000 -4.84779495228079e-06
0.777778 89.444444 8000.000000 -4.87953704252658e-06
0.888889 89.444444 8000.000000 -5.26985083937185e-06
1.000000 89.444444 8000.000000 -5.25303316967071e-06
0.000000 89.555556 8000.000000 -5.32025444023715e-06
0.111111 89.555556 8000.000000 -5.33336488438673e-06
0.222222 89.555556 8000.000000 -5.00695146506479e-06
0.333333 89.555556 8000.000000 -4.97725845808357e-06
0.444444 89.555556 8000.000000 -4.64192223781143e-06
0.555556 89.555556 8000.000000 -4.64192223780924e-06
0.666667 89.555556 8000.000000 -4.97725845810689e-06
0.777778 89.555556 8000.000000 -5.00695146505554e-06
0.888889 89.555556 8000.000000 -5.33336488440107e-06
1.000000 89.555556 8000.000000 -5.32025444024099e-06
0.000000 89.666667 8000.000000 -2.30999880746952e-06
0.111111 89.666667 8000.000000 -2.32383393642728e-06
0.222222 89.666667 8000.000000 -2.31252350590133e-06
0.333333 89.666667 8000.000000 -2.58428707386941e-06
0.444444 89.666667 8000.000000 -3.00167612346207e-06
0.555556 89.666667 8000.000000 -3.00167612346065e-06
0.666667 89.666667 8000.000000 -2.58428707387422e-06
0.777778 89.666667 8000.000000 -2.31252350589719e-06
0.888889 89.666667 8000.000000 -2.32383393642195e-06
1.000000 89.666667 8000.000000 -2.3099988074604e-06
0.000000 89.777778 8000.000000 -3.48594498619132e-06
0.111111 89.777778 8000.000000 -3.58717545916213e-06
0.222222 89.777778 8000.000000 -3.53487816751243e-06
0.333333 89.777778 8000.000000 -3.51213846380267e-06
0.444444 89.777778 8000.000000 -3.51670286591761e-06
0.555556 89.777778 8000.000000 -3.51670286592376e-06
0.666667 89.777778 8000.000000 -3.51213846379647e-06
0.777778 89.777778 8000.000000 -3.5348781675127e-06
0.888889 89.777778 8000.000000 -3.58717545916047e-06
1.000000 89.777778 8000.000000 -3.48594498618341e-06
0.000000 89.888889 8000.000000 -1.72891297478421e-06
0.111111 89.888889 8000.000000 -1.55026289277661e-06
0.222222 89.888889 8000.000000 -1.42208350578211e-06
0.333333 89.888889 8000.000000 -1.43220452903063e-06
0.444444 89.888889 8000.000000 -1.2149416871831e-06
0.555556 89.888889 8000.000000 -1.21494168718348e-06
0.666667 89.888889 8000.000000 -1.43220452902474e-06
0.777778 89.888889 8000.000000 -1.42208350578434e-06
0.888889 89.888889 8000.000000 -1.55026289277919e-06
1.000000 89.888889 8000.000000 -1.72891297478691e-06
0.000000 90.000000 8000.000000 -2.19381632664554e-05
0.111111 90.000000 8000.000000 -2.19381632664554e-05
0.222222 90.000000 8000.000000 -2.19381632664554e-05
0.333333 90.000000 8000.000000 -2.19381632664554e-05
0.444444 90.000000 8000.000000 -2.19381632664554e-05
0.555556 90.000000 8000.000000 -2.19381632664554e-05
0.666667 90.000000 8000.000000 -2.19381632664554e-05
0.777778 90.000000 8000.000000 -2.19381632664554e-05
0.888889 90.000000 8000.000000 -2.19381632664554e-05
1.000000 90.000000 8000.000000 -2.19381632664554e-05
