# gzzz component calculated with tessgzzz 2017:
#   local time: Sun Mar 11 03:07:01 2018
#   model file: tesseroid_vs_spherical_shell_files/model-size1.0.tess (64800 tesseroids)
#   GLQ order: 2 lon / 2 lat / 2 r
#   Use recursive division of tesseroids: True
#   Distance-size ratio for recusive division: 27.5
0.000000 89.000000 10000.000000 -3.27854450690993e-07
0.111111 89.000000 10000.000000 -3.27856334785079e-07
0.222222 89.000000 10000.000000 -3.27860219902233e-07
0.333333 89.000000 10000.000000 -3.2785911260632e-07
0.444444 89.000000 10000.000000 -3.27862626241333e-07
0.555556 89.000000 10000.000000 -3.27862625807495e-07
0.666667 89.000000 10000.000000 -3.27859112521132e-07
0.777778 89.000000 10000.000000 -3.27860219748243e-07
0.888889 89.000000 10000.000000 -3.27856334801894e-07
1.000000 89.000000 10000.000000 -3.27854450685501e-07
0.000000 89.111111 10000.000000 -3.28006303338006e-07
0.111111 89.111111 10000.000000 -3.28002242680229e-07
0.222222 89.111111 10000.000000 -3.28001806917177e-07
0.333333 89.111111 10000.000000 -3.28000693147909e-07
0.444444 89.111111 10000.000000 -3.28006000462721e-07
0.555556 89.111111 10000.000000 -3.28006000469735e-07
0.666667 89.111111 10000.000000 -3.28000693167692e-07
0.777778 89.111111 10000.000000 -3.28001806915747e-07
0.888889 89.111111 10000.000000 -3.2800224374385e-07
1.000000 89.111111 10000.000000 -3.28006303343887e-07
0.000000 89.222222 10000.000000 -3.28089301325897e-07
0.111111 89.222222 10000.000000 -3.28085065877743e-07
0.222222 89.222222 10000.000000 -3.28087218286641e-07
0.333333 89.222222 10000.000000 -3.28085207688634e-07
0.444444 89.222222 10000.000000 -3.28085513871988e-07
0.555556 89.222222 10000.000000 -3.28085513892478e-07
0.666667 89.222222 10000.000000 -3.28085207672965e-07
0.777778 89.222222 10000.000000 -3.2808721827107e-07
0.888889 89.222222 10000.000000 -3.28085065835269e-07
1.000000 89.222222 10000.000000 -3.28089301308074e-07
0.000000 89.333333 10000.000000 -3.2797074283799e-07
0.111111 89.333333 10000.000000 -3.2797603462908e-07
0.222222 89.333333 10000.000000 -3.27978119080334e-07
0.333333 89.333333 10000.000000 -3.27976487553607e-07
0.444444 89.333333 10000.000000 -3.27977424195054e-07
0.555556 89.333333 10000.000000 -3.27977424220446e-07
0.666667 89.333333 10000.000000 -3.27976487589342e-07
0.777778 89.333333 10000.000000 -3.27978119066553e-07
0.888889 89.333333 10000.000000 -3.27976034608317e-07
1.000000 89.333333 10000.000000 -3.27970742847898e-07
0.000000 89.444444 10000.000000 -3.27843900874918e-07
0.111111 89.444444 10000.000000 -3.27844992722667e-07
0.222222 89.444444 10000.000000 -3.27844644629833e-07
0.333333 89.444444 10000.000000 -3.27845089504728e-07
0.444444 89.444444 10000.000000 -3.27844310433027e-07
0.555556 89.444444 10000.000000 -3.27844310440295e-07
0.666667 89.444444 10000.000000 -3.2784508951777e-07
0.777778 89.444444 10000.000000 -3.27844644559186e-07
0.888889 89.444444 10000.000000 -3.27844992747278e-07
1.000000 89.444444 10000.000000 -3.27843900831321e-07
0.000000 89.555556 10000.000000 -3.27808663988183e-07
0.111111 89.555556 10000.000000 -3.27796538774919e-07
0.222222 89.555556 10000.000000 -3.27796055117597e-07
0.333333 89.555556 10000.000000 -3.27794220936144e-07
0.444444 89.555556 10000.000000 -3.27806234351614e-07
0.555556 89.555556 10000.000000 -3.27806234387712e-07
0.666667 89.555556 10000.000000 -3.27794220700418e-07
0.777778 89.555556 10000.000000 -3.27796055102647e-07
0.888889 89.555556 10000.000000 -3.27796538785854e-07
1.000000 89.555556 10000.000000 -3.27808664039088e-07
0.000000 89.666667 10000.000000 -3.27995424119859e-07
0.111111 89.666667 10000.000000 -3.27993767589367e-07
0.222222 89.666667 10000.000000 -3.27992013082104e-07
0.333333 89.666667 10000.000000 -3.27988078815343e-07
0.444444 89.666667 10000.000000 -3.27996884013126e-07
0.555556 89.666667 10000.000000 -3.27996884018464e-07
0.666667 89.666667 10000.000000 -3.27988078827658e-07
0.777778 89.666667 10000.000000 -3.27992013074618e-07
0.888889 89.666667 10000.000000 -3.2799376761918e-07
1.000000 89.666667 10000.000000 -3.27995424116544e-07
0.000000 89.777778 10000.000000 -3.27714196282676e-07
0.111111 89.777778 10000.000000 -3.27717724687247e-07
0.222222 89.777778 10000.000000 -3.27718523116277e-07
0.333333 89.777778 10000.000000 -3.27717701359535e-07
0.444444 89.777778 10000.000000 -3.27714239265691e-07
0.555556 89.777778 10000.000000 -3.27714239292439e-07
0.666667 89.777778 10000.000000 -3.27717701375127e-07
0.777778 89.777778 10000.000000 -3.27718523001656e-07
0.888889 89.777778 10000.000000 -3.27717724695758e-07
1.000000 89.777778 10000.000000 -3.27714196268198e-07
0.000000 89.888889 10000.000000 -3.28001155500676e-07
0.111111 89.888889 10000.000000 -3.28000812475099e-07
0.222222 89.888889 10000.000000 -3.28001983542302e-07
0.333333 89.888889 10000.000000 -3.28002006978836e-07
0.444444 89.888889 10000.000000 -3.28001584690033e-07
0.555556 89.888889 10000.000000 -3.28001584677255e-07
0.666667 89.888889 10000.000000 -3.28002006976725e-07
0.777778 89.888889 10000.000000 -3.28001983530077e-07
0.888889 89.888889 10000.000000 -3.28000812467919e-07
1.000000 89.888889 10000.000000 -3.28001155488527e-07
0.000000 90.000000 10000.000000 -3.2824912500009e-07
0.111111 90.000000 10000.000000 -3.2824912500009e-07
0.222222 90.000000 10000.000000 -3.2824912500009e-07
0.333333 90.000000 10000.000000 -3.2824912500009e-07
0.444444 90.000000 10000.000000 -3.2824912500009e-07
0.555556 90.000000 10000.000000 -3.2824912500009e-07
0.666667 90.000000 10000.000000 -3.2824912500009e-07
0.777778 90.000000 10000.000000 -3.2824912500009e-07
0.888889 90.000000 10000.000000 -3.2824912500009e-07
1.000000 90.000000 10000.000000 -3.2824912500009e-07
