# gzzz component calculated with tessgzzz 2017:
#   local time: Sun Mar 11 02:49:24 2018
#   model file: tesseroid_vs_spherical_shell_files/model-size1.0.tess (64800 tesseroids)
#   GLQ order: 2 lon / 2 lat / 2 r
#   Use recursive division of tesseroids: True
#   Distance-size ratio for recusive division: 47.5
0.000000 89.000000 4000.000000 -3.29304987760002e-07
0.111111 89.000000 4000.000000 -3.29305261088348e-07
0.222222 89.000000 4000.000000 -3.29305011562274e-07
0.333333 89.000000 4000.000000 -3.29304920387755e-07
0.444444 89.000000 4000.000000 -3.29305517354779e-07
0.555556 89.000000 4000.000000 -3.29305517141661e-07
0.666667 89.000000 4000.000000 -3.29304919467423e-07
0.777778 89.000000 4000.000000 -3.29305009885141e-07
0.888889 89.000000 4000.000000 -3.29305260455756e-07
1.000000 89.000000 4000.000000 -3.29304987236872e-07
0.000000 89.111111 4000.000000 -3.2922376627688e-07
0.111111 89.111111 4000.000000 -3.29221802007397e-07
0.222222 89.111111 4000.000000 -3.2922148629981e-07
0.333333 89.111111 4000.000000 -3.29221599882161e-07
0.444444 89.111111 4000.000000 -3.29222667205716e-07
0.555556 89.111111 4000.000000 -3.29222668085623e-07
0.666667 89.111111 4000.000000 -3.29221607786888e-07
0.777778 89.111111 4000.000000 -3.29221487389962e-07
0.888889 89.111111 4000.000000 -3.29221803555057e-07
1.000000 89.111111 4000.000000 -3.29223766862195e-07
0.000000 89.222222 4000.000000 -3.29195380935377e-07
0.111111 89.222222 4000.000000 -3.29192966937964e-07
0.222222 89.222222 4000.000000 -3.29194719288803e-07
0.333333 89.222222 4000.000000 -3.29197033954984e-07
0.444444 89.222222 4000.000000 -3.29196840941505e-07
0.555556 89.222222 4000.000000 -3.29196839284409e-07
0.666667 89.222222 4000.000000 -3.29197045180891e-07
0.777778 89.222222 4000.000000 -3.29194720091019e-07
0.888889 89.222222 4000.000000 -3.29192967038596e-07
1.000000 89.222222 4000.000000 -3.29195383352838e-07
0.000000 89.333333 4000.000000 -3.29412023309235e-07
0.111111 89.333333 4000.000000 -3.29412579706151e-07
0.222222 89.333333 4000.000000 -3.29411341025209e-07
0.333333 89.333333 4000.000000 -3.29411928577215e-07
0.444444 89.333333 4000.000000 -3.29412692155626e-07
0.555556 89.333333 4000.000000 -3.29412688806218e-07
0.666667 89.333333 4000.000000 -3.29411925470442e-07
0.777778 89.333333 4000.000000 -3.29411340551731e-07
0.888889 89.333333 4000.000000 -3.29412577077622e-07
1.000000 89.333333 4000.000000 -3.29412021529172e-07
0.000000 89.444444 4000.000000 -3.29334886053998e-07
0.111111 89.444444 4000.000000 -3.29334793006946e-07
0.222222 89.444444 4000.000000 -3.29333495277039e-07
0.333333 89.444444 4000.000000 -3.29334527901954e-07
0.444444 89.444444 4000.000000 -3.29335095997446e-07
0.555556 89.444444 4000.000000 -3.29335098115361e-07
0.666667 89.444444 4000.000000 -3.29334527675544e-07
0.777778 89.444444 4000.000000 -3.29333495448049e-07
0.888889 89.444444 4000.000000 -3.29334793172795e-07
1.000000 89.444444 4000.000000 -3.29334884986649e-07
0.000000 89.555556 4000.000000 -3.29324931675895e-07
0.111111 89.555556 4000.000000 -3.29325396436695e-07
0.222222 89.555556 4000.000000 -3.29327090092044e-07
0.333333 89.555556 4000.000000 -3.29326554836097e-07
0.444444 89.555556 4000.000000 -3.29328595153972e-07
0.555556 89.555556 4000.000000 -3.29328593458506e-07
0.666667 89.555556 4000.000000 -3.29326556272434e-07
0.777778 89.555556 4000.000000 -3.29327089407232e-07
0.888889 89.555556 4000.000000 -3.2932539585705e-07
1.000000 89.555556 4000.000000 -3.29324931682859e-07
0.000000 89.666667 4000.000000 -3.29404223308505e-07
0.111111 89.666667 4000.000000 -3.29403444016476e-07
0.222222 89.666667 4000.000000 -3.29402832674004e-07
0.333333 89.666667 4000.000000 -3.29404721036844e-07
0.444444 89.666667 4000.000000 -3.29402899933722e-07
0.555556 89.666667 4000.000000 -3.29402899522729e-07
0.666667 89.666667 4000.000000 -3.29404717332829e-07
0.777778 89.666667 4000.000000 -3.2940283298321e-07
0.888889 89.666667 4000.000000 -3.29403443751943e-07
1.000000 89.666667 4000.000000 -3.29404224542255e-07
0.000000 89.777778 4000.000000 -3.29245992359839e-07
0.111111 89.777778 4000.000000 -3.29250510200528e-07
0.222222 89.777778 4000.000000 -3.29248142241317e-07
0.333333 89.777778 4000.000000 -3.29250084918638e-07
0.444444 89.777778 4000.000000 -3.29249086847042e-07
0.555556 89.777778 4000.000000 -3.29249087752134e-07
0.666667 89.777778 4000.000000 -3.29250084995961e-07
0.777778 89.777778 4000.000000 -3.29248140626208e-07
0.888889 89.777778 4000.000000 -3.29250511192487e-07
1.000000 89.777778 4000.000000 -3.2924599163613e-07
0.000000 89.888889 4000.000000 -3.2907665604814e-07
0.111111 89.888889 4000.000000 -3.29077016409908e-07
0.222222 89.888889 4000.000000 -3.29075289343531e-07
0.333333 89.888889 4000.000000 -3.29076081446045e-07
0.444444 89.888889 4000.000000 -3.2907755132725e-07
0.555556 89.888889 4000.000000 -3.29077551446431e-07
0.666667 89.888889 4000.000000 -3.29076080613804e-07
0.777778 89.888889 4000.000000 -3.29075289540734e-07
0.888889 89.888889 4000.000000 -3.29077016162913e-07
1.000000 89.888889 4000.000000 -3.29076656144961e-07
0.000000 90.000000 4000.000000 -3.29084332982911e-07
0.111111 90.000000 4000.000000 -3.29084332982911e-07
0.222222 90.000000 4000.000000 -3.29084332982911e-07
0.333333 90.000000 4000.000000 -3.29084332982911e-07
0.444444 90.000000 4000.000000 -3.29084332982911e-07
0.555556 90.000000 4000.000000 -3.29084332982911e-07
0.666667 90.000000 4000.000000 -3.29084332982911e-07
0.777778 90.000000 4000.000000 -3.29084332982911e-07
0.888889 90.000000 4000.000000 -3.29084332982911e-07
1.000000 90.000000 4000.000000 -3.29084332982911e-07
