# gzzz component calculated with tessgzzz 2017:
#   local time: Sun Mar 11 03:07:14 2018
#   model file: tesseroid_vs_spherical_shell_files/model-size1.0.tess (64800 tesseroids)
#   GLQ order: 2 lon / 2 lat / 2 r
#   Use recursive division of tesseroids: True
#   Distance-size ratio for recusive division: 30
0.000000 89.000000 10000.000000 -3.27957794410917e-07
0.111111 89.000000 10000.000000 -3.27960309172257e-07
0.222222 89.000000 10000.000000 -3.27956740590024e-07
0.333333 89.000000 10000.000000 -3.27961079266224e-07
0.444444 89.000000 10000.000000 -3.27957766789249e-07
0.555556 89.000000 10000.000000 -3.27957766332229e-07
0.666667 89.000000 10000.000000 -3.27961079151404e-07
0.777778 89.000000 10000.000000 -3.27956740434825e-07
0.888889 89.000000 10000.000000 -3.27960309185531e-07
1.000000 89.000000 10000.000000 -3.27957794424292e-07
0.000000 89.111111 10000.000000 -3.27966447482404e-07
0.111111 89.111111 10000.000000 -3.27961249229771e-07
0.222222 89.111111 10000.000000 -3.27965643512617e-07
0.333333 89.111111 10000.000000 -3.27967913318535e-07
0.444444 89.111111 10000.000000 -3.27968338232316e-07
0.555556 89.111111 10000.000000 -3.27968338255291e-07
0.666667 89.111111 10000.000000 -3.27967913312542e-07
0.777778 89.111111 10000.000000 -3.27965643509382e-07
0.888889 89.111111 10000.000000 -3.27961250269412e-07
1.000000 89.111111 10000.000000 -3.27966447487858e-07
0.000000 89.222222 10000.000000 -3.28032186838039e-07
0.111111 89.222222 10000.000000 -3.28032915091845e-07
0.222222 89.222222 10000.000000 -3.28029886143806e-07
0.333333 89.222222 10000.000000 -3.28031601752366e-07
0.444444 89.222222 10000.000000 -3.28030608990385e-07
0.555556 89.222222 10000.000000 -3.28030608950116e-07
0.666667 89.222222 10000.000000 -3.28031601791801e-07
0.777778 89.222222 10000.000000 -3.28029885958289e-07
0.888889 89.222222 10000.000000 -3.28032915119191e-07
1.000000 89.222222 10000.000000 -3.28032186822479e-07
0.000000 89.333333 10000.000000 -3.28217113426597e-07
0.111111 89.333333 10000.000000 -3.28211990024334e-07
0.222222 89.333333 10000.000000 -3.28211241315632e-07
0.333333 89.333333 10000.000000 -3.28214302166315e-07
0.444444 89.333333 10000.000000 -3.28213574019731e-07
0.555556 89.333333 10000.000000 -3.28213574055961e-07
0.666667 89.333333 10000.000000 -3.28214302183726e-07
0.777778 89.333333 10000.000000 -3.28211241304227e-07
0.888889 89.333333 10000.000000 -3.28211990014231e-07
1.000000 89.333333 10000.000000 -3.28217113421904e-07
0.000000 89.444444 10000.000000 -3.27979852910086e-07
0.111111 89.444444 10000.000000 -3.27975630127476e-07
0.222222 89.444444 10000.000000 -3.27977073966015e-07
0.333333 89.444444 10000.000000 -3.27978671737539e-07
0.444444 89.444444 10000.000000 -3.27976118337416e-07
0.555556 89.444444 10000.000000 -3.27976118375705e-07
0.666667 89.444444 10000.000000 -3.27978671732621e-07
0.777778 89.444444 10000.000000 -3.27977073982071e-07
0.888889 89.444444 10000.000000 -3.27975630163259e-07
1.000000 89.444444 10000.000000 -3.27979852876277e-07
0.000000 89.555556 10000.000000 -3.27902234738135e-07
0.111111 89.555556 10000.000000 -3.27894765872522e-07
0.222222 89.555556 10000.000000 -3.27897238298198e-07
0.333333 89.555556 10000.000000 -3.27894727228258e-07
0.444444 89.555556 10000.000000 -3.27896559636687e-07
0.555556 89.555556 10000.000000 -3.27896559677191e-07
0.666667 89.555556 10000.000000 -3.27894726983683e-07
0.777778 89.555556 10000.000000 -3.27897238316429e-07
0.888889 89.555556 10000.000000 -3.27894765888321e-07
1.000000 89.555556 10000.000000 -3.27902234780383e-07
0.000000 89.666667 10000.000000 -3.28226658668598e-07
0.111111 89.666667 10000.000000 -3.2822548872736e-07
0.222222 89.666667 10000.000000 -3.28221482917622e-07
0.333333 89.666667 10000.000000 -3.28222313794498e-07
0.444444 89.666667 10000.000000 -3.28225135615786e-07
0.555556 89.666667 10000.000000 -3.28225135579403e-07
0.666667 89.666667 10000.000000 -3.28222313824631e-07
0.777778 89.666667 10000.000000 -3.28221482924792e-07
0.888889 89.666667 10000.000000 -3.28225488780936e-07
1.000000 89.666667 10000.000000 -3.28226658652045e-07
0.000000 89.777778 10000.000000 -3.27895131069644e-07
0.111111 89.777778 10000.000000 -3.27897726873975e-07
0.222222 89.777778 10000.000000 -3.27902765059331e-07
0.333333 89.777778 10000.000000 -3.27904117590859e-07
0.444444 89.777778 10000.000000 -3.2790332716791e-07
0.555556 89.777778 10000.000000 -3.27903327159264e-07
0.666667 89.777778 10000.000000 -3.27904117591973e-07
0.777778 89.777778 10000.000000 -3.27902764950836e-07
0.888889 89.777778 10000.000000 -3.27897726877295e-07
1.000000 89.777778 10000.000000 -3.27895131057563e-07
0.000000 89.888889 10000.000000 -3.28055632619458e-07
0.111111 89.888889 10000.000000 -3.28056404583343e-07
0.222222 89.888889 10000.000000 -3.28056323312567e-07
0.333333 89.888889 10000.000000 -3.28055633442028e-07
0.444444 89.888889 10000.000000 -3.28055760047624e-07
0.555556 89.888889 10000.000000 -3.28055760034594e-07
0.666667 89.888889 10000.000000 -3.28055633443297e-07
0.777778 89.888889 10000.000000 -3.28056323298881e-07
0.888889 89.888889 10000.000000 -3.28056404553663e-07
1.000000 89.888889 10000.000000 -3.28055632617887e-07
0.000000 90.000000 10000.000000 -3.27898382038996e-07
0.111111 90.000000 10000.000000 -3.27898382038996e-07
0.222222 90.000000 10000.000000 -3.27898382038996e-07
0.333333 90.000000 10000.000000 -3.27898382038996e-07
0.444444 90.000000 10000.000000 -3.27898382038996e-07
0.555556 90.000000 10000.000000 -3.27898382038996e-07
0.666667 90.000000 10000.000000 -3.27898382038996e-07
0.777778 90.000000 10000.000000 -3.27898382038996e-07
0.888889 90.000000 10000.000000 -3.27898382038996e-07
1.000000 90.000000 10000.000000 -3.27898382038996e-07
