# gzzz component calculated with tessgzzz 2017:
#   local time: Sun Mar 11 02:52:32 2018
#   model file: tesseroid_vs_spherical_shell_files/model-size1.0.tess (64800 tesseroids)
#   GLQ order: 2 lon / 2 lat / 2 r
#   Use recursive division of tesseroids: True
#   Distance-size ratio for recusive division: 12.5
0.000000 89.000000 6000.000000 -3.58248787050401e-07
0.111111 89.000000 6000.000000 -3.62313805300627e-07
0.222222 89.000000 6000.000000 -3.59535510782258e-07
0.333333 89.000000 6000.000000 -3.6150376331272e-07
0.444444 89.000000 6000.000000 -3.60435670534252e-07
0.555556 89.000000 6000.000000 -3.60435670649171e-07
0.666667 89.000000 6000.000000 -3.61503763368723e-07
0.777778 89.000000 6000.000000 -3.59535510934622e-07
0.888889 89.000000 6000.000000 -3.62313805430294e-07
1.000000 89.000000 6000.000000 -3.58248787037591e-07
0.000000 89.111111 6000.000000 -3.55217207438583e-07
0.111111 89.111111 6000.000000 -3.57312346676068e-07
0.222222 89.111111 6000.000000 -3.5415111215073e-07
0.333333 89.111111 6000.000000 -3.56690149393183e-07
0.444444 89.111111 6000.000000 -3.55566547874855e-07
0.555556 89.111111 6000.000000 -3.55566547869026e-07
0.666667 89.111111 6000.000000 -3.56690149362751e-07
0.777778 89.111111 6000.000000 -3.54151112180734e-07
0.888889 89.111111 6000.000000 -3.57312357947085e-07
1.000000 89.111111 6000.000000 -3.55217207424222e-07
0.000000 89.222222 6000.000000 -3.39808065043162e-07
0.111111 89.222222 6000.000000 -3.40199777250879e-07
0.222222 89.222222 6000.000000 -3.40405838747895e-07
0.333333 89.222222 6000.000000 -3.38785262194761e-07
0.444444 89.222222 6000.000000 -3.38748807613317e-07
0.555556 89.222222 6000.000000 -3.38748807622143e-07
0.666667 89.222222 6000.000000 -3.38785262205698e-07
0.777778 89.222222 6000.000000 -3.40405838766879e-07
0.888889 89.222222 6000.000000 -3.40199777097059e-07
1.000000 89.222222 6000.000000 -3.39808065002825e-07
0.000000 89.333333 6000.000000 -3.36565977668729e-07
0.111111 89.333333 6000.000000 -3.35880326834215e-07
0.222222 89.333333 6000.000000 -3.36374470902679e-07
0.333333 89.333333 6000.000000 -3.36319731071688e-07
0.444444 89.333333 6000.000000 -3.36364260676171e-07
0.555556 89.333333 6000.000000 -3.36364260640577e-07
0.666667 89.333333 6000.000000 -3.36319730987321e-07
0.777778 89.333333 6000.000000 -3.3637447111657e-07
0.888889 89.333333 6000.000000 -3.35880326884609e-07
1.000000 89.333333 6000.000000 -3.36565977620393e-07
0.000000 89.444444 6000.000000 -3.34981787197278e-07
0.111111 89.444444 6000.000000 -3.34424588171994e-07
0.222222 89.444444 6000.000000 -3.33634147986206e-07
0.333333 89.444444 6000.000000 -3.34719526094817e-07
0.444444 89.444444 6000.000000 -3.35122002500462e-07
0.555556 89.444444 6000.000000 -3.35122002535989e-07
0.666667 89.444444 6000.000000 -3.34719526144892e-07
0.777778 89.444444 6000.000000 -3.33634147955465e-07
0.888889 89.444444 6000.000000 -3.34424588127924e-07
1.000000 89.444444 6000.000000 -3.34981787192982e-07
0.000000 89.555556 6000.000000 -3.51006665517543e-07
0.111111 89.555556 6000.000000 -3.49144912545854e-07
0.222222 89.555556 6000.000000 -3.48849745709294e-07
0.333333 89.555556 6000.000000 -3.48513071949032e-07
0.444444 89.555556 6000.000000 -3.48590603385906e-07
0.555556 89.555556 6000.000000 -3.48590599515085e-07
0.666667 89.555556 6000.000000 -3.48513071972306e-07
0.777778 89.555556 6000.000000 -3.4884974594152e-07
0.888889 89.555556 6000.000000 -3.49144912503823e-07
1.000000 89.555556 6000.000000 -3.5100666550794e-07
0.000000 89.666667 6000.000000 -3.33760950284383e-07
0.111111 89.666667 6000.000000 -3.33732021029538e-07
0.222222 89.666667 6000.000000 -3.32648792442725e-07
0.333333 89.666667 6000.000000 -3.32574922179285e-07
0.444444 89.666667 6000.000000 -3.32342653257402e-07
0.555556 89.666667 6000.000000 -3.32342653300596e-07
0.666667 89.666667 6000.000000 -3.32574922210043e-07
0.777778 89.666667 6000.000000 -3.32648792503524e-07
0.888889 89.666667 6000.000000 -3.33732021040022e-07
1.000000 89.666667 6000.000000 -3.33760950261482e-07
0.000000 89.777778 6000.000000 -3.5016069436947e-07
0.111111 89.777778 6000.000000 -3.50290275222582e-07
0.222222 89.777778 6000.000000 -3.52386262721981e-07
0.333333 89.777778 6000.000000 -3.52472726523919e-07
0.444444 89.777778 6000.000000 -3.54133947688263e-07
0.555556 89.777778 6000.000000 -3.54133947550451e-07
0.666667 89.777778 6000.000000 -3.5247272654412e-07
0.777778 89.777778 6000.000000 -3.52386262724055e-07
0.888889 89.777778 6000.000000 -3.50290275203165e-07
1.000000 89.777778 6000.000000 -3.50160694367896e-07
0.000000 89.888889 6000.000000 -3.47132389283025e-07
0.111111 89.888889 6000.000000 -3.46814952052072e-07
0.222222 89.888889 6000.000000 -3.469848663388e-07
0.333333 89.888889 6000.000000 -3.46892605863247e-07
0.444444 89.888889 6000.000000 -3.47428152377056e-07
0.555556 89.888889 6000.000000 -3.47428152355184e-07
0.666667 89.888889 6000.000000 -3.46892605893873e-07
0.777778 89.888889 6000.000000 -3.46984866323232e-07
0.888889 89.888889 6000.000000 -3.46814952052702e-07
1.000000 89.888889 6000.000000 -3.47132389285269e-07
0.000000 90.000000 6000.000000 -3.1205626000831e-07
0.111111 90.000000 6000.000000 -3.1205626000831e-07
0.222222 90.000000 6000.000000 -3.1205626000831e-07
0.333333 90.000000 6000.000000 -3.1205626000831e-07
0.444444 90.000000 6000.000000 -3.1205626000831e-07
0.555556 90.000000 6000.000000 -3.1205626000831e-07
0.666667 90.000000 6000.000000 -3.1205626000831e-07
0.777778 90.000000 6000.000000 -3.1205626000831e-07
0.888889 90.000000 6000.000000 -3.1205626000831e-07
1.000000 90.000000 6000.000000 -3.1205626000831e-07
