# gzzz component calculated with tessgzzz 2017:
#   local time: Sun Mar 11 02:59:40 2018
#   model file: tesseroid_vs_spherical_shell_files/model-size1.0.tess (64800 tesseroids)
#   GLQ order: 2 lon / 2 lat / 2 r
#   Use recursive division of tesseroids: True
#   Distance-size ratio for recusive division: 5
0.000000 89.000000 8000.000000 -2.41430935924016e-07
0.111111 89.000000 8000.000000 -3.3778427334846e-07
0.222222 89.000000 8000.000000 -3.43635894754177e-07
0.333333 89.000000 8000.000000 -3.6700847260145e-07
0.444444 89.000000 8000.000000 -3.23691977110286e-07
0.555556 89.000000 8000.000000 -3.23691977109256e-07
0.666667 89.000000 8000.000000 -3.67008472657612e-07
0.777778 89.000000 8000.000000 -3.43635894749271e-07
0.888889 89.000000 8000.000000 -3.37784273315948e-07
1.000000 89.000000 8000.000000 -2.41430935928882e-07
0.000000 89.111111 8000.000000 -7.8610513069802e-07
0.111111 89.111111 8000.000000 -6.22059882268677e-07
0.222222 89.111111 8000.000000 -6.39246701613058e-07
0.333333 89.111111 8000.000000 -6.26761451394895e-07
0.444444 89.111111 8000.000000 -5.09874642721288e-07
0.555556 89.111111 8000.000000 -5.0987464272928e-07
0.666667 89.111111 8000.000000 -6.2676145139912e-07
0.777778 89.111111 8000.000000 -6.39246701607912e-07
0.888889 89.111111 8000.000000 -6.22059882276762e-07
1.000000 89.111111 8000.000000 -7.86105130699016e-07
0.000000 89.222222 8000.000000 -9.80671989635124e-07
0.111111 89.222222 8000.000000 -9.86163592529978e-07
0.222222 89.222222 8000.000000 -9.25137700282546e-07
0.333333 89.222222 8000.000000 -7.87076064402174e-07
0.444444 89.222222 8000.000000 -7.34492881442511e-07
0.555556 89.222222 8000.000000 -7.34492881444538e-07
0.666667 89.222222 8000.000000 -7.87076064400155e-07
0.777778 89.222222 8000.000000 -9.25137700283209e-07
0.888889 89.222222 8000.000000 -9.86163592549067e-07
1.000000 89.222222 8000.000000 -9.80671989616342e-07
0.000000 89.333333 8000.000000 -4.74471241801267e-07
0.111111 89.333333 8000.000000 -4.99277285688846e-07
0.222222 89.333333 8000.000000 -4.68507349230002e-07
0.333333 89.333333 8000.000000 -5.17084051054818e-07
0.444444 89.333333 8000.000000 -5.13355780855669e-07
0.555556 89.333333 8000.000000 -5.13355780849798e-07
0.666667 89.333333 8000.000000 -5.17084051164677e-07
0.777778 89.333333 8000.000000 -4.68507349227438e-07
0.888889 89.333333 8000.000000 -4.99277285678612e-07
1.000000 89.333333 8000.000000 -4.74471241817893e-07
0.000000 89.444444 8000.000000 -4.77428476652514e-07
0.111111 89.444444 8000.000000 -4.76472051758881e-07
0.222222 89.444444 8000.000000 -4.73242673652016e-07
0.333333 89.444444 8000.000000 -4.66550415216407e-07
0.444444 89.444444 8000.000000 -4.85780687893547e-07
0.555556 89.444444 8000.000000 -4.85780687897296e-07
0.666667 89.444444 8000.000000 -4.66550415222486e-07
0.777778 89.444444 8000.000000 -4.73242673647881e-07
0.888889 89.444444 8000.000000 -4.76472051762276e-07
1.000000 89.444444 8000.000000 -4.77428476644299e-07
0.000000 89.555556 8000.000000 -4.82067686841619e-07
0.111111 89.555556 8000.000000 -4.82388545764162e-07
0.222222 89.555556 8000.000000 -4.58453011112301e-07
0.333333 89.555556 8000.000000 -4.55182831613975e-07
0.444444 89.555556 8000.000000 -4.98207706295927e-07
0.555556 89.555556 8000.000000 -4.98207706292909e-07
0.666667 89.555556 8000.000000 -4.5518283162515e-07
0.777778 89.555556 8000.000000 -4.58453011134088e-07
0.888889 89.555556 8000.000000 -4.82388545775125e-07
1.000000 89.555556 8000.000000 -4.82067686853129e-07
0.000000 89.666667 8000.000000 -4.96716857053868e-07
0.111111 89.666667 8000.000000 -4.92327639566245e-07
0.222222 89.666667 8000.000000 -4.7038969888341e-07
0.333333 89.666667 8000.000000 -4.58434681135227e-07
0.444444 89.666667 8000.000000 -4.77227219751831e-07
0.555556 89.666667 8000.000000 -4.77227219743174e-07
0.666667 89.666667 8000.000000 -4.58434681145084e-07
0.777778 89.666667 8000.000000 -4.70389698870641e-07
0.888889 89.666667 8000.000000 -4.92327639564455e-07
1.000000 89.666667 8000.000000 -4.96716857046391e-07
0.000000 89.777778 8000.000000 -4.99267356945711e-07
0.111111 89.777778 8000.000000 -4.95121793301443e-07
0.222222 89.777778 8000.000000 -4.94597244328952e-07
0.333333 89.777778 8000.000000 -4.94006173366818e-07
0.444444 89.777778 8000.000000 -4.78087361581447e-07
0.555556 89.777778 8000.000000 -4.78087361576829e-07
0.666667 89.777778 8000.000000 -4.94006173368426e-07
0.777778 89.777778 8000.000000 -4.94597244323989e-07
0.888889 89.777778 8000.000000 -4.95121793301062e-07
1.000000 89.777778 8000.000000 -4.99267356953805e-07
0.000000 89.888889 8000.000000 -4.68984882306843e-07
0.111111 89.888889 8000.000000 -4.6896398028567e-07
0.222222 89.888889 8000.000000 -4.68858551742615e-07
0.333333 89.888889 8000.000000 -4.65369384773733e-07
0.444444 89.888889 8000.000000 -4.7446023410405e-07
0.555556 89.888889 8000.000000 -4.74460234100597e-07
0.666667 89.888889 8000.000000 -4.65369384764175e-07
0.777778 89.888889 8000.000000 -4.68858551725367e-07
0.888889 89.888889 8000.000000 -4.68963980301746e-07
1.000000 89.888889 8000.000000 -4.68984882299015e-07
0.000000 90.000000 8000.000000 -5.56403273927225e-07
0.111111 90.000000 8000.000000 -5.56403273927225e-07
0.222222 90.000000 8000.000000 -5.56403273927225e-07
0.333333 90.000000 8000.000000 -5.56403273927225e-07
0.444444 90.000000 8000.000000 -5.56403273927225e-07
0.555556 90.000000 8000.000000 -5.56403273927225e-07
0.666667 90.000000 8000.000000 -5.56403273927225e-07
0.777778 90.000000 8000.000000 -5.56403273927225e-07
0.888889 90.000000 8000.000000 -5.56403273927225e-07
1.000000 90.000000 8000.000000 -5.56403273927225e-07
