# gzzz component calculated with tessgzzz 2017:
#   local time: Sun Mar 11 02:59:57 2018
#   model file: tesseroid_vs_spherical_shell_files/model-size1.0.tess (64800 tesseroids)
#   GLQ order: 2 lon / 2 lat / 2 r
#   Use recursive division of tesseroids: True
#   Distance-size ratio for recusive division: 12.5
0.000000 89.000000 8000.000000 -3.15714816270126e-07
0.111111 89.000000 8000.000000 -3.15450443819884e-07
0.222222 89.000000 8000.000000 -3.15746384157963e-07
0.333333 89.000000 8000.000000 -3.1556345412676e-07
0.444444 89.000000 8000.000000 -3.15812562398432e-07
0.555556 89.000000 8000.000000 -3.15812562520897e-07
0.666667 89.000000 8000.000000 -3.1556345417593e-07
0.777778 89.000000 8000.000000 -3.1574638458679e-07
0.888889 89.000000 8000.000000 -3.15450443639839e-07
1.000000 89.000000 8000.000000 -3.1571481628704e-07
0.000000 89.111111 8000.000000 -3.15818210618254e-07
0.111111 89.111111 8000.000000 -3.1597492743205e-07
0.222222 89.111111 8000.000000 -3.15930297512592e-07
0.333333 89.111111 8000.000000 -3.14759182679019e-07
0.444444 89.111111 8000.000000 -3.1443686828396e-07
0.555556 89.111111 8000.000000 -3.14436868274328e-07
0.666667 89.111111 8000.000000 -3.14759182702104e-07
0.777778 89.111111 8000.000000 -3.15930297531331e-07
0.888889 89.111111 8000.000000 -3.1597492744143e-07
1.000000 89.111111 8000.000000 -3.15818210620827e-07
0.000000 89.222222 8000.000000 -3.17136262031938e-07
0.111111 89.222222 8000.000000 -3.18497056780012e-07
0.222222 89.222222 8000.000000 -3.18448581471072e-07
0.333333 89.222222 8000.000000 -3.18242627752657e-07
0.444444 89.222222 8000.000000 -3.18153111511511e-07
0.555556 89.222222 8000.000000 -3.18153110939056e-07
0.666667 89.222222 8000.000000 -3.18242627784951e-07
0.777778 89.222222 8000.000000 -3.18448581480032e-07
0.888889 89.222222 8000.000000 -3.18497056723927e-07
1.000000 89.222222 8000.000000 -3.17136262014772e-07
0.000000 89.333333 8000.000000 -3.27269791816585e-07
0.111111 89.333333 8000.000000 -3.28444104105043e-07
0.222222 89.333333 8000.000000 -3.27628744813257e-07
0.333333 89.333333 8000.000000 -3.27642166166154e-07
0.444444 89.333333 8000.000000 -3.27501133666257e-07
0.555556 89.333333 8000.000000 -3.27501133728902e-07
0.666667 89.333333 8000.000000 -3.27642166194015e-07
0.777778 89.333333 8000.000000 -3.2762874488304e-07
0.888889 89.333333 8000.000000 -3.28444104120156e-07
1.000000 89.333333 8000.000000 -3.27269791823803e-07
0.000000 89.444444 8000.000000 -3.18056905284838e-07
0.111111 89.444444 8000.000000 -3.18114546631734e-07
0.222222 89.444444 8000.000000 -3.18308415787825e-07
0.333333 89.444444 8000.000000 -3.182628468487e-07
0.444444 89.444444 8000.000000 -3.1795478473726e-07
0.555556 89.444444 8000.000000 -3.17954784757991e-07
0.666667 89.444444 8000.000000 -3.1826284683325e-07
0.777778 89.444444 8000.000000 -3.18308415795773e-07
0.888889 89.444444 8000.000000 -3.18114546649782e-07
1.000000 89.444444 8000.000000 -3.18056905263258e-07
0.000000 89.555556 8000.000000 -3.13805078303019e-07
0.111111 89.555556 8000.000000 -3.14090311590925e-07
0.222222 89.555556 8000.000000 -3.13269855003865e-07
0.333333 89.555556 8000.000000 -3.12966044209041e-07
0.444444 89.555556 8000.000000 -3.1267077638032e-07
0.555556 89.555556 8000.000000 -3.12670773384972e-07
0.666667 89.555556 8000.000000 -3.12966044198051e-07
0.777778 89.555556 8000.000000 -3.13269855017399e-07
0.888889 89.555556 8000.000000 -3.14090311616883e-07
1.000000 89.555556 8000.000000 -3.13805078290322e-07
0.000000 89.666667 8000.000000 -3.27032168671458e-07
0.111111 89.666667 8000.000000 -3.26260360416702e-07
0.222222 89.666667 8000.000000 -3.25040188992973e-07
0.333333 89.666667 8000.000000 -3.25102119232244e-07
0.444444 89.666667 8000.000000 -3.24611782700866e-07
0.555556 89.666667 8000.000000 -3.24611782711202e-07
0.666667 89.666667 8000.000000 -3.25102119232357e-07
0.777778 89.666667 8000.000000 -3.25040188993792e-07
0.888889 89.666667 8000.000000 -3.26260360424924e-07
1.000000 89.666667 8000.000000 -3.2703216869062e-07
0.000000 89.777778 8000.000000 -3.19622908941878e-07
0.111111 89.777778 8000.000000 -3.19896304918443e-07
0.222222 89.777778 8000.000000 -3.19929272055636e-07
0.333333 89.777778 8000.000000 -3.19745917330045e-07
0.444444 89.777778 8000.000000 -3.19602565648204e-07
0.555556 89.777778 8000.000000 -3.19602565578962e-07
0.666667 89.777778 8000.000000 -3.19745917333424e-07
0.777778 89.777778 8000.000000 -3.19929272042772e-07
0.888889 89.777778 8000.000000 -3.19896304909011e-07
1.000000 89.777778 8000.000000 -3.19622908959598e-07
0.000000 89.888889 8000.000000 -3.19575607369743e-07
0.111111 89.888889 8000.000000 -3.1960912971858e-07
0.222222 89.888889 8000.000000 -3.19626343961946e-07
0.333333 89.888889 8000.000000 -3.19680436662197e-07
0.444444 89.888889 8000.000000 -3.19545723663372e-07
0.555556 89.888889 8000.000000 -3.19545723712033e-07
0.666667 89.888889 8000.000000 -3.19680436635496e-07
0.777778 89.888889 8000.000000 -3.19626343975669e-07
0.888889 89.888889 8000.000000 -3.19609129723826e-07
1.000000 89.888889 8000.000000 -3.1957560738069e-07
0.000000 90.000000 8000.000000 -3.11463952005997e-07
0.111111 90.000000 8000.000000 -3.11463952005997e-07
0.222222 90.000000 8000.000000 -3.11463952005997e-07
0.333333 90.000000 8000.000000 -3.11463952005997e-07
0.444444 90.000000 8000.000000 -3.11463952005997e-07
0.555556 90.000000 8000.000000 -3.11463952005997e-07
0.666667 90.000000 8000.000000 -3.11463952005997e-07
0.777778 90.000000 8000.000000 -3.11463952005997e-07
0.888889 90.000000 8000.000000 -3.11463952005997e-07
1.000000 90.000000 8000.000000 -3.11463952005997e-07
