# gzzz component calculated with tessgzzz 2017:
#   local time: Sun Mar 11 02:45:39 2018
#   model file: tesseroid_vs_spherical_shell_files/model-size1.0.tess (64800 tesseroids)
#   GLQ order: 2 lon / 2 lat / 2 r
#   Use recursive division of tesseroids: True
#   Distance-size ratio for recusive division: 37.5
0.000000 89.000000 4000.000000 -3.29019043930454e-07
0.111111 89.000000 4000.000000 -3.29018087830267e-07
0.222222 89.000000 4000.000000 -3.29024973084294e-07
0.333333 89.000000 4000.000000 -3.29022136540598e-07
0.444444 89.000000 4000.000000 -3.29018743147701e-07
0.555556 89.000000 4000.000000 -3.29018743465485e-07
0.666667 89.000000 4000.000000 -3.2902213635793e-07
0.777778 89.000000 4000.000000 -3.29024971845661e-07
0.888889 89.000000 4000.000000 -3.29018092837307e-07
1.000000 89.000000 4000.000000 -3.29019044786813e-07
0.000000 89.111111 4000.000000 -3.29428605521213e-07
0.111111 89.111111 4000.000000 -3.29418963287592e-07
0.222222 89.111111 4000.000000 -3.29409528528055e-07
0.333333 89.111111 4000.000000 -3.29412432765806e-07
0.444444 89.111111 4000.000000 -3.29423297807727e-07
0.555556 89.111111 4000.000000 -3.29423297165915e-07
0.666667 89.111111 4000.000000 -3.29412439367355e-07
0.777778 89.111111 4000.000000 -3.29409530124366e-07
0.888889 89.111111 4000.000000 -3.29418962213583e-07
1.000000 89.111111 4000.000000 -3.29428606037091e-07
0.000000 89.222222 4000.000000 -3.29412746776824e-07
0.111111 89.222222 4000.000000 -3.29419370283538e-07
0.222222 89.222222 4000.000000 -3.29411988842334e-07
0.333333 89.222222 4000.000000 -3.29414391369771e-07
0.444444 89.222222 4000.000000 -3.29414528329286e-07
0.555556 89.222222 4000.000000 -3.29414528333251e-07
0.666667 89.222222 4000.000000 -3.29414396652453e-07
0.777778 89.222222 4000.000000 -3.29411989376458e-07
0.888889 89.222222 4000.000000 -3.29419370552253e-07
1.000000 89.222222 4000.000000 -3.29412748737593e-07
0.000000 89.333333 4000.000000 -3.29290981819314e-07
0.111111 89.333333 4000.000000 -3.29292550586019e-07
0.222222 89.333333 4000.000000 -3.29293723851858e-07
0.333333 89.333333 4000.000000 -3.29293456690834e-07
0.444444 89.333333 4000.000000 -3.29296412077114e-07
0.555556 89.333333 4000.000000 -3.29296410936796e-07
0.666667 89.333333 4000.000000 -3.29293457020563e-07
0.777778 89.333333 4000.000000 -3.29293723387927e-07
0.888889 89.333333 4000.000000 -3.29292549686315e-07
1.000000 89.333333 4000.000000 -3.29290980331864e-07
0.000000 89.444444 4000.000000 -3.28985895681466e-07
0.111111 89.444444 4000.000000 -3.28988154257232e-07
0.222222 89.444444 4000.000000 -3.28995211324979e-07
0.333333 89.444444 4000.000000 -3.28986413883361e-07
0.444444 89.444444 4000.000000 -3.28985451460717e-07
0.555556 89.444444 4000.000000 -3.28985452770229e-07
0.666667 89.444444 4000.000000 -3.28986413560057e-07
0.777778 89.444444 4000.000000 -3.28995211785485e-07
0.888889 89.444444 4000.000000 -3.28988154358624e-07
1.000000 89.444444 4000.000000 -3.28985894941932e-07
0.000000 89.555556 4000.000000 -3.29499148584912e-07
0.111111 89.555556 4000.000000 -3.29498869309861e-07
0.222222 89.555556 4000.000000 -3.29494779820761e-07
0.333333 89.555556 4000.000000 -3.29493598581895e-07
0.444444 89.555556 4000.000000 -3.29495783990572e-07
0.555556 89.555556 4000.000000 -3.29495783250498e-07
0.666667 89.555556 4000.000000 -3.29493599054705e-07
0.777778 89.555556 4000.000000 -3.29494776719023e-07
0.888889 89.555556 4000.000000 -3.29498865666634e-07
1.000000 89.555556 4000.000000 -3.2949914870302e-07
0.000000 89.666667 4000.000000 -3.29299095150108e-07
0.111111 89.666667 4000.000000 -3.29296890615765e-07
0.222222 89.666667 4000.000000 -3.29292352896921e-07
0.333333 89.666667 4000.000000 -3.29292026402708e-07
0.444444 89.666667 4000.000000 -3.29292068977002e-07
0.555556 89.666667 4000.000000 -3.29292068945531e-07
0.666667 89.666667 4000.000000 -3.29292022948756e-07
0.777778 89.666667 4000.000000 -3.29292353704862e-07
0.888889 89.666667 4000.000000 -3.29296890446896e-07
1.000000 89.666667 4000.000000 -3.29299095061978e-07
0.000000 89.777778 4000.000000 -3.29342165784391e-07
0.111111 89.777778 4000.000000 -3.29334268069888e-07
0.222222 89.777778 4000.000000 -3.29340354775408e-07
0.333333 89.777778 4000.000000 -3.29335321496738e-07
0.444444 89.777778 4000.000000 -3.29339908007728e-07
0.555556 89.777778 4000.000000 -3.29339908566257e-07
0.666667 89.777778 4000.000000 -3.2933532142458e-07
0.777778 89.777778 4000.000000 -3.29340353900186e-07
0.888889 89.777778 4000.000000 -3.29334268913589e-07
1.000000 89.777778 4000.000000 -3.29342165520424e-07
0.000000 89.888889 4000.000000 -3.28979467177859e-07
0.111111 89.888889 4000.000000 -3.28980531058978e-07
0.222222 89.888889 4000.000000 -3.28974554649208e-07
0.333333 89.888889 4000.000000 -3.28981718851127e-07
0.444444 89.888889 4000.000000 -3.2897663953581e-07
0.555556 89.888889 4000.000000 -3.28976638908193e-07
0.666667 89.888889 4000.000000 -3.28981719642584e-07
0.777778 89.888889 4000.000000 -3.28974554399031e-07
0.888889 89.888889 4000.000000 -3.2898053113769e-07
1.000000 89.888889 4000.000000 -3.28979467284648e-07
0.000000 90.000000 4000.000000 -3.29265976276914e-07
0.111111 90.000000 4000.000000 -3.29265976276914e-07
0.222222 90.000000 4000.000000 -3.29265976276914e-07
0.333333 90.000000 4000.000000 -3.29265976276914e-07
0.444444 90.000000 4000.000000 -3.29265976276914e-07
0.555556 90.000000 4000.000000 -3.29265976276914e-07
0.666667 90.000000 4000.000000 -3.29265976276914e-07
0.777778 90.000000 4000.000000 -3.29265976276914e-07
0.888889 90.000000 4000.000000 -3.29265976276914e-07
1.000000 90.000000 4000.000000 -3.29265976276914e-07
