# gzzz component calculated with tessgzzz 2017:
#   local time: Sun Mar 11 03:04:12 2018
#   model file: tesseroid_vs_spherical_shell_files/model-size1.0.tess (64800 tesseroids)
#   GLQ order: 2 lon / 2 lat / 2 r
#   Use recursive division of tesseroids: True
#   Distance-size ratio for recusive division: 47.5
0.000000 89.000000 8000.000000 -3.28565327432371e-07
0.111111 89.000000 8000.000000 -3.28565317854275e-07
0.222222 89.000000 8000.000000 -3.28565426969908e-07
0.333333 89.000000 8000.000000 -3.28565135770059e-07
0.444444 89.000000 8000.000000 -3.28565762577601e-07
0.555556 89.000000 8000.000000 -3.28565762113964e-07
0.666667 89.000000 8000.000000 -3.28565135841649e-07
0.777778 89.000000 8000.000000 -3.28565426883858e-07
0.888889 89.000000 8000.000000 -3.28565318038145e-07
1.000000 89.000000 8000.000000 -3.28565327411632e-07
0.000000 89.111111 8000.000000 -3.28574232650157e-07
0.111111 89.111111 8000.000000 -3.2857398192001e-07
0.222222 89.111111 8000.000000 -3.28574900588828e-07
0.333333 89.111111 8000.000000 -3.28574953490011e-07
0.444444 89.111111 8000.000000 -3.28575432985244e-07
0.555556 89.111111 8000.000000 -3.28575433108499e-07
0.666667 89.111111 8000.000000 -3.28574953517305e-07
0.777778 89.111111 8000.000000 -3.28574900383621e-07
0.888889 89.111111 8000.000000 -3.28573981904086e-07
1.000000 89.111111 8000.000000 -3.28574232632577e-07
0.000000 89.222222 8000.000000 -3.28574999405275e-07
0.111111 89.222222 8000.000000 -3.28574915044111e-07
0.222222 89.222222 8000.000000 -3.28574785464599e-07
0.333333 89.222222 8000.000000 -3.28575179410346e-07
0.444444 89.222222 8000.000000 -3.28575491746945e-07
0.555556 89.222222 8000.000000 -3.28575491628327e-07
0.666667 89.222222 8000.000000 -3.28575179155371e-07
0.777778 89.222222 8000.000000 -3.28574785274575e-07
0.888889 89.222222 8000.000000 -3.28574914985812e-07
1.000000 89.222222 8000.000000 -3.28574999374755e-07
0.000000 89.333333 8000.000000 -3.2861889873387e-07
0.111111 89.333333 8000.000000 -3.28619014756257e-07
0.222222 89.333333 8000.000000 -3.28618590382336e-07
0.333333 89.333333 8000.000000 -3.2861896063756e-07
0.444444 89.333333 8000.000000 -3.28618604462668e-07
0.555556 89.333333 8000.000000 -3.2861860465571e-07
0.666667 89.333333 8000.000000 -3.28618960406449e-07
0.777778 89.333333 8000.000000 -3.28618590409522e-07
0.888889 89.333333 8000.000000 -3.28619014550665e-07
1.000000 89.333333 8000.000000 -3.28618898613258e-07
0.000000 89.444444 8000.000000 -3.28567339302295e-07
0.111111 89.444444 8000.000000 -3.28567043643156e-07
0.222222 89.444444 8000.000000 -3.28567342010884e-07
0.333333 89.444444 8000.000000 -3.28567529026935e-07
0.444444 89.444444 8000.000000 -3.28567606708855e-07
0.555556 89.444444 8000.000000 -3.28567606448904e-07
0.666667 89.444444 8000.000000 -3.28567529115151e-07
0.777778 89.444444 8000.000000 -3.28567341857532e-07
0.888889 89.444444 8000.000000 -3.28567043415808e-07
1.000000 89.444444 8000.000000 -3.28567339319857e-07
0.000000 89.555556 8000.000000 -3.28550766080997e-07
0.111111 89.555556 8000.000000 -3.28552186125354e-07
0.222222 89.555556 8000.000000 -3.28550722775929e-07
0.333333 89.555556 8000.000000 -3.28552091344773e-07
0.444444 89.555556 8000.000000 -3.28551736115531e-07
0.555556 89.555556 8000.000000 -3.28551735888531e-07
0.666667 89.555556 8000.000000 -3.28552091453947e-07
0.777778 89.555556 8000.000000 -3.28550722606841e-07
0.888889 89.555556 8000.000000 -3.28552185594261e-07
1.000000 89.555556 8000.000000 -3.28550766006338e-07
0.000000 89.666667 8000.000000 -3.28615585078308e-07
0.111111 89.666667 8000.000000 -3.28614857723672e-07
0.222222 89.666667 8000.000000 -3.28615447891537e-07
0.333333 89.666667 8000.000000 -3.28615084864757e-07
0.444444 89.666667 8000.000000 -3.28615217369651e-07
0.555556 89.666667 8000.000000 -3.286152173926e-07
0.666667 89.666667 8000.000000 -3.28615084831623e-07
0.777778 89.666667 8000.000000 -3.28615447581584e-07
0.888889 89.666667 8000.000000 -3.28614857647407e-07
1.000000 89.666667 8000.000000 -3.28615585106241e-07
0.000000 89.777778 8000.000000 -3.28549719486485e-07
0.111111 89.777778 8000.000000 -3.28549162768147e-07
0.222222 89.777778 8000.000000 -3.28548405697005e-07
0.333333 89.777778 8000.000000 -3.28549201231782e-07
0.444444 89.777778 8000.000000 -3.28549452046709e-07
0.555556 89.777778 8000.000000 -3.28549451901154e-07
0.666667 89.777778 8000.000000 -3.28549201131146e-07
0.777778 89.777778 8000.000000 -3.28548405735073e-07
0.888889 89.777778 8000.000000 -3.28549162650684e-07
1.000000 89.777778 8000.000000 -3.28549719613128e-07
0.000000 89.888889 8000.000000 -3.28572075440435e-07
0.111111 89.888889 8000.000000 -3.285719887155e-07
0.222222 89.888889 8000.000000 -3.28571701001454e-07
0.333333 89.888889 8000.000000 -3.28571822902454e-07
0.444444 89.888889 8000.000000 -3.28571787213492e-07
0.555556 89.888889 8000.000000 -3.28571787370372e-07
0.666667 89.888889 8000.000000 -3.28571822946568e-07
0.777778 89.888889 8000.000000 -3.28571701201926e-07
0.888889 89.888889 8000.000000 -3.28571988848737e-07
1.000000 89.888889 8000.000000 -3.28572075549913e-07
0.000000 90.000000 8000.000000 -3.28573424283772e-07
0.111111 90.000000 8000.000000 -3.28573424283772e-07
0.222222 90.000000 8000.000000 -3.28573424283772e-07
0.333333 90.000000 8000.000000 -3.28573424283772e-07
0.444444 90.000000 8000.000000 -3.28573424283772e-07
0.555556 90.000000 8000.000000 -3.28573424283772e-07
0.666667 90.000000 8000.000000 -3.28573424283772e-07
0.777778 90.000000 8000.000000 -3.28573424283772e-07
0.888889 90.000000 8000.000000 -3.28573424283772e-07
1.000000 90.000000 8000.000000 -3.28573424283772e-07
