# gzzz component calculated with tessgzzz 2017:
#   local time: Sun Mar 11 03:01:08 2018
#   model file: tesseroid_vs_spherical_shell_files/model-size1.0.tess (64800 tesseroids)
#   GLQ order: 2 lon / 2 lat / 2 r
#   Use recursive division of tesseroids: True
#   Distance-size ratio for recusive division: 30
0.000000 89.000000 8000.000000 -3.28955042416928e-07
0.111111 89.000000 8000.000000 -3.28948170961754e-07
0.222222 89.000000 8000.000000 -3.28953441530316e-07
0.333333 89.000000 8000.000000 -3.28952985849562e-07
0.444444 89.000000 8000.000000 -3.28954613885009e-07
0.555556 89.000000 8000.000000 -3.28954613780327e-07
0.666667 89.000000 8000.000000 -3.28952985800954e-07
0.777778 89.000000 8000.000000 -3.28953441303631e-07
0.888889 89.000000 8000.000000 -3.28948170957156e-07
1.000000 89.000000 8000.000000 -3.28955042396017e-07
0.000000 89.111111 8000.000000 -3.28828828846028e-07
0.111111 89.111111 8000.000000 -3.28830648475731e-07
0.222222 89.111111 8000.000000 -3.28829525915665e-07
0.333333 89.111111 8000.000000 -3.28839740002642e-07
0.444444 89.111111 8000.000000 -3.28839371498624e-07
0.555556 89.111111 8000.000000 -3.28839371592553e-07
0.666667 89.111111 8000.000000 -3.28839739995437e-07
0.777778 89.111111 8000.000000 -3.28829525842041e-07
0.888889 89.111111 8000.000000 -3.28830651412549e-07
1.000000 89.111111 8000.000000 -3.28828828826849e-07
0.000000 89.222222 8000.000000 -3.28737704641185e-07
0.111111 89.222222 8000.000000 -3.28742307894544e-07
0.222222 89.222222 8000.000000 -3.28745929586065e-07
0.333333 89.222222 8000.000000 -3.28745104892934e-07
0.444444 89.222222 8000.000000 -3.28741298673683e-07
0.555556 89.222222 8000.000000 -3.28741298697062e-07
0.666667 89.222222 8000.000000 -3.28745104873029e-07
0.777778 89.222222 8000.000000 -3.28745929542663e-07
0.888889 89.222222 8000.000000 -3.28742307899809e-07
1.000000 89.222222 8000.000000 -3.28737704645321e-07
0.000000 89.333333 8000.000000 -3.28737806803324e-07
0.111111 89.333333 8000.000000 -3.28732904164937e-07
0.222222 89.333333 8000.000000 -3.28735324908655e-07
0.333333 89.333333 8000.000000 -3.28736974042233e-07
0.444444 89.333333 8000.000000 -3.28738670574384e-07
0.555556 89.333333 8000.000000 -3.28738670670736e-07
0.666667 89.333333 8000.000000 -3.287369740357e-07
0.777778 89.333333 8000.000000 -3.28735324867056e-07
0.888889 89.333333 8000.000000 -3.28732904329186e-07
1.000000 89.333333 8000.000000 -3.28737806754827e-07
0.000000 89.444444 8000.000000 -3.28978881659257e-07
0.111111 89.444444 8000.000000 -3.28995849694475e-07
0.222222 89.444444 8000.000000 -3.28977205149255e-07
0.333333 89.444444 8000.000000 -3.28992890506074e-07
0.444444 89.444444 8000.000000 -3.28994805180974e-07
0.555556 89.444444 8000.000000 -3.28994805293713e-07
0.666667 89.444444 8000.000000 -3.28992890521382e-07
0.777778 89.444444 8000.000000 -3.28977205146513e-07
0.888889 89.444444 8000.000000 -3.28995849756468e-07
1.000000 89.444444 8000.000000 -3.28978881642423e-07
0.000000 89.555556 8000.000000 -3.28721555092719e-07
0.111111 89.555556 8000.000000 -3.28718493786655e-07
0.222222 89.555556 8000.000000 -3.28716020717477e-07
0.333333 89.555556 8000.000000 -3.28715639415937e-07
0.444444 89.555556 8000.000000 -3.28718957378148e-07
0.555556 89.555556 8000.000000 -3.28718957361571e-07
0.666667 89.555556 8000.000000 -3.28715638903046e-07
0.777778 89.555556 8000.000000 -3.28716020670018e-07
0.888889 89.555556 8000.000000 -3.28718493765314e-07
1.000000 89.555556 8000.000000 -3.28721555100817e-07
0.000000 89.666667 8000.000000 -3.28690121766563e-07
0.111111 89.666667 8000.000000 -3.28692868432641e-07
0.222222 89.666667 8000.000000 -3.28696911593718e-07
0.333333 89.666667 8000.000000 -3.28693115303929e-07
0.444444 89.666667 8000.000000 -3.28690598531404e-07
0.555556 89.666667 8000.000000 -3.28690598566351e-07
0.666667 89.666667 8000.000000 -3.28693115296162e-07
0.777778 89.666667 8000.000000 -3.28696911565796e-07
0.888889 89.666667 8000.000000 -3.28692868485999e-07
1.000000 89.666667 8000.000000 -3.28690121747542e-07
0.000000 89.777778 8000.000000 -3.28793977330423e-07
0.111111 89.777778 8000.000000 -3.28795743312852e-07
0.222222 89.777778 8000.000000 -3.28797149706145e-07
0.333333 89.777778 8000.000000 -3.2879651713349e-07
0.444444 89.777778 8000.000000 -3.28790490350303e-07
0.555556 89.777778 8000.000000 -3.28790490249145e-07
0.666667 89.777778 8000.000000 -3.28796517147327e-07
0.777778 89.777778 8000.000000 -3.2879714946998e-07
0.888889 89.777778 8000.000000 -3.2879574334443e-07
1.000000 89.777778 8000.000000 -3.28793977382496e-07
0.000000 89.888889 8000.000000 -3.28906055645428e-07
0.111111 89.888889 8000.000000 -3.28905937445173e-07
0.222222 89.888889 8000.000000 -3.28911549226512e-07
0.333333 89.888889 8000.000000 -3.2891114151507e-07
0.444444 89.888889 8000.000000 -3.28912405699326e-07
0.555556 89.888889 8000.000000 -3.2891240567551e-07
0.666667 89.888889 8000.000000 -3.28911141522035e-07
0.777778 89.888889 8000.000000 -3.28911549171923e-07
0.888889 89.888889 8000.000000 -3.28905937381526e-07
1.000000 89.888889 8000.000000 -3.28906055709144e-07
0.000000 90.000000 8000.000000 -3.28078227747546e-07
0.111111 90.000000 8000.000000 -3.28078227747546e-07
0.222222 90.000000 8000.000000 -3.28078227747546e-07
0.333333 90.000000 8000.000000 -3.28078227747546e-07
0.444444 90.000000 8000.000000 -3.28078227747546e-07
0.555556 90.000000 8000.000000 -3.28078227747546e-07
0.666667 90.000000 8000.000000 -3.28078227747546e-07
0.777778 90.000000 8000.000000 -3.28078227747546e-07
0.888889 90.000000 8000.000000 -3.28078227747546e-07
1.000000 90.000000 8000.000000 -3.28078227747546e-07
