# gzzz component calculated with tessgzzz 2017:
#   local time: Sun Mar 11 02:53:20 2018
#   model file: tesseroid_vs_spherical_shell_files/model-size1.0.tess (64800 tesseroids)
#   GLQ order: 2 lon / 2 lat / 2 r
#   Use recursive division of tesseroids: True
#   Distance-size ratio for recusive division: 25
0.000000 89.000000 6000.000000 -3.31096163471062e-07
0.111111 89.000000 6000.000000 -3.31121024975723e-07
0.222222 89.000000 6000.000000 -3.31149976427925e-07
0.333333 89.000000 6000.000000 -3.31138621436987e-07
0.444444 89.000000 6000.000000 -3.31097634347752e-07
0.555556 89.000000 6000.000000 -3.3109763437193e-07
0.666667 89.000000 6000.000000 -3.3113862147248e-07
0.777778 89.000000 6000.000000 -3.31149976159003e-07
0.888889 89.000000 6000.000000 -3.31121024959021e-07
1.000000 89.000000 6000.000000 -3.31096163517517e-07
0.000000 89.111111 6000.000000 -3.30746176368381e-07
0.111111 89.111111 6000.000000 -3.30772061815816e-07
0.222222 89.111111 6000.000000 -3.30789048287341e-07
0.333333 89.111111 6000.000000 -3.30852891940515e-07
0.444444 89.111111 6000.000000 -3.30862790620077e-07
0.555556 89.111111 6000.000000 -3.30862790722977e-07
0.666667 89.111111 6000.000000 -3.30852891988849e-07
0.777778 89.111111 6000.000000 -3.30789048338627e-07
0.888889 89.111111 6000.000000 -3.30772072369541e-07
1.000000 89.111111 6000.000000 -3.30746176408346e-07
0.000000 89.222222 6000.000000 -3.29859764507118e-07
0.111111 89.222222 6000.000000 -3.29864096517931e-07
0.222222 89.222222 6000.000000 -3.29858900232309e-07
0.333333 89.222222 6000.000000 -3.29837910447134e-07
0.444444 89.222222 6000.000000 -3.29825655532012e-07
0.555556 89.222222 6000.000000 -3.2982565585772e-07
0.666667 89.222222 6000.000000 -3.29837910607759e-07
0.777778 89.222222 6000.000000 -3.29858900434389e-07
0.888889 89.222222 6000.000000 -3.29864096457732e-07
1.000000 89.222222 6000.000000 -3.29859764302188e-07
0.000000 89.333333 6000.000000 -3.29581283292841e-07
0.111111 89.333333 6000.000000 -3.29603063748506e-07
0.222222 89.333333 6000.000000 -3.29588382064018e-07
0.333333 89.333333 6000.000000 -3.29587404193267e-07
0.444444 89.333333 6000.000000 -3.2959001998096e-07
0.555556 89.333333 6000.000000 -3.29590019898522e-07
0.666667 89.333333 6000.000000 -3.29587404084996e-07
0.777778 89.333333 6000.000000 -3.29588381969961e-07
0.888889 89.333333 6000.000000 -3.29603063449263e-07
1.000000 89.333333 6000.000000 -3.29581283319968e-07
0.000000 89.444444 6000.000000 -3.29536682308473e-07
0.111111 89.444444 6000.000000 -3.29563647173144e-07
0.222222 89.444444 6000.000000 -3.29554930119738e-07
0.333333 89.444444 6000.000000 -3.29547216393236e-07
0.444444 89.444444 6000.000000 -3.29549912922809e-07
0.555556 89.444444 6000.000000 -3.29549912903475e-07
0.666667 89.444444 6000.000000 -3.29547216431498e-07
0.777778 89.444444 6000.000000 -3.29554930146852e-07
0.888889 89.444444 6000.000000 -3.29563647172168e-07
1.000000 89.444444 6000.000000 -3.29536682378167e-07
0.000000 89.555556 6000.000000 -3.30325035681352e-07
0.111111 89.555556 6000.000000 -3.30395046257299e-07
0.222222 89.555556 6000.000000 -3.30264258392283e-07
0.333333 89.555556 6000.000000 -3.30340060854593e-07
0.444444 89.555556 6000.000000 -3.30323706407925e-07
0.555556 89.555556 6000.000000 -3.30323706433887e-07
0.666667 89.555556 6000.000000 -3.30340060415468e-07
0.777778 89.555556 6000.000000 -3.30264258501733e-07
0.888889 89.555556 6000.000000 -3.30395046095483e-07
1.000000 89.555556 6000.000000 -3.30325035770348e-07
0.000000 89.666667 6000.000000 -3.29474134072518e-07
0.111111 89.666667 6000.000000 -3.29499830913112e-07
0.222222 89.666667 6000.000000 -3.29493863879229e-07
0.333333 89.666667 6000.000000 -3.29495110182511e-07
0.444444 89.666667 6000.000000 -3.29512279899827e-07
0.555556 89.666667 6000.000000 -3.29512279993434e-07
0.666667 89.666667 6000.000000 -3.29495110168539e-07
0.777778 89.666667 6000.000000 -3.29493863919749e-07
0.888889 89.666667 6000.000000 -3.29499830913546e-07
1.000000 89.666667 6000.000000 -3.29474133945484e-07
0.000000 89.777778 6000.000000 -3.30480397797457e-07
0.111111 89.777778 6000.000000 -3.30537717314264e-07
0.222222 89.777778 6000.000000 -3.30592693090527e-07
0.333333 89.777778 6000.000000 -3.30577404957365e-07
0.444444 89.777778 6000.000000 -3.30513333090848e-07
0.555556 89.777778 6000.000000 -3.30513332994889e-07
0.666667 89.777778 6000.000000 -3.3057740488881e-07
0.777778 89.777778 6000.000000 -3.30592692996927e-07
0.888889 89.777778 6000.000000 -3.3053771730801e-07
1.000000 89.777778 6000.000000 -3.30480397651683e-07
0.000000 89.888889 6000.000000 -3.30742088185939e-07
0.111111 89.888889 6000.000000 -3.30795097419794e-07
0.222222 89.888889 6000.000000 -3.30822986973094e-07
0.333333 89.888889 6000.000000 -3.30854761352059e-07
0.444444 89.888889 6000.000000 -3.30878727684154e-07
0.555556 89.888889 6000.000000 -3.30878724837515e-07
0.666667 89.888889 6000.000000 -3.30854761416839e-07
0.777778 89.888889 6000.000000 -3.30822986973411e-07
0.888889 89.888889 6000.000000 -3.30795097379111e-07
1.000000 89.888889 6000.000000 -3.30742088211073e-07
0.000000 90.000000 6000.000000 -3.27719038313953e-07
0.111111 90.000000 6000.000000 -3.27719038313953e-07
0.222222 90.000000 6000.000000 -3.27719038313953e-07
0.333333 90.000000 6000.000000 -3.27719038313953e-07
0.444444 90.000000 6000.000000 -3.27719038313953e-07
0.555556 90.000000 6000.000000 -3.27719038313953e-07
0.666667 90.000000 6000.000000 -3.27719038313953e-07
0.777778 90.000000 6000.000000 -3.27719038313953e-07
0.888889 90.000000 6000.000000 -3.27719038313953e-07
1.000000 90.000000 6000.000000 -3.27719038313953e-07
