# gzzz component calculated with tessgzzz 2017:
#   local time: Sun Mar 11 03:01:44 2018
#   model file: tesseroid_vs_spherical_shell_files/model-size1.0.tess (64800 tesseroids)
#   GLQ order: 2 lon / 2 lat / 2 r
#   Use recursive division of tesseroids: True
#   Distance-size ratio for recusive division: 35
0.000000 89.000000 8000.000000 -3.28842692529912e-07
0.111111 89.000000 8000.000000 -3.28844984247379e-07
0.222222 89.000000 8000.000000 -3.28844281970676e-07
0.333333 89.000000 8000.000000 -3.2884277109458e-07
0.444444 89.000000 8000.000000 -3.28843305554489e-07
0.555556 89.000000 8000.000000 -3.28843305599748e-07
0.666667 89.000000 8000.000000 -3.2884277101275e-07
0.777778 89.000000 8000.000000 -3.28844281722368e-07
0.888889 89.000000 8000.000000 -3.28844984240264e-07
1.000000 89.000000 8000.000000 -3.28842692474691e-07
0.000000 89.111111 8000.000000 -3.28842095351322e-07
0.111111 89.111111 8000.000000 -3.28844271755427e-07
0.222222 89.111111 8000.000000 -3.28848672861775e-07
0.333333 89.111111 8000.000000 -3.28850622010438e-07
0.444444 89.111111 8000.000000 -3.28850141877624e-07
0.555556 89.111111 8000.000000 -3.28850141931595e-07
0.666667 89.111111 8000.000000 -3.28850621930399e-07
0.777778 89.111111 8000.000000 -3.28848672807307e-07
0.888889 89.111111 8000.000000 -3.28844273369861e-07
1.000000 89.111111 8000.000000 -3.28842095327493e-07
0.000000 89.222222 8000.000000 -3.28745988200351e-07
0.111111 89.222222 8000.000000 -3.28748121257428e-07
0.222222 89.222222 8000.000000 -3.28747897572952e-07
0.333333 89.222222 8000.000000 -3.28750163383232e-07
0.444444 89.222222 8000.000000 -3.28750311657414e-07
0.555556 89.222222 8000.000000 -3.28750311445672e-07
0.666667 89.222222 8000.000000 -3.28750163366774e-07
0.777778 89.222222 8000.000000 -3.28747897553951e-07
0.888889 89.222222 8000.000000 -3.28748121122101e-07
1.000000 89.222222 8000.000000 -3.28745988164068e-07
0.000000 89.333333 8000.000000 -3.28679565738606e-07
0.111111 89.333333 8000.000000 -3.28681671058119e-07
0.222222 89.333333 8000.000000 -3.28682125930078e-07
0.333333 89.333333 8000.000000 -3.28683304930025e-07
0.444444 89.333333 8000.000000 -3.28682197679329e-07
0.555556 89.333333 8000.000000 -3.28682197797842e-07
0.666667 89.333333 8000.000000 -3.28683304573521e-07
0.777778 89.333333 8000.000000 -3.28682125837454e-07
0.888889 89.333333 8000.000000 -3.2868167110883e-07
1.000000 89.333333 8000.000000 -3.2867956565217e-07
0.000000 89.444444 8000.000000 -3.28621893566492e-07
0.111111 89.444444 8000.000000 -3.28627197804014e-07
0.222222 89.444444 8000.000000 -3.28623260451452e-07
0.333333 89.444444 8000.000000 -3.28628226795419e-07
0.444444 89.444444 8000.000000 -3.28624499775825e-07
0.555556 89.444444 8000.000000 -3.28624499877081e-07
0.666667 89.444444 8000.000000 -3.28628226752633e-07
0.777778 89.444444 8000.000000 -3.28623260420902e-07
0.888889 89.444444 8000.000000 -3.28627197907459e-07
1.000000 89.444444 8000.000000 -3.28621893518756e-07
0.000000 89.555556 8000.000000 -3.28804489484959e-07
0.111111 89.555556 8000.000000 -3.28805250644438e-07
0.222222 89.555556 8000.000000 -3.28800027084156e-07
0.333333 89.555556 8000.000000 -3.28802948129798e-07
0.444444 89.555556 8000.000000 -3.28803771964959e-07
0.555556 89.555556 8000.000000 -3.28803772000584e-07
0.666667 89.555556 8000.000000 -3.28802947625872e-07
0.777778 89.555556 8000.000000 -3.28800027234352e-07
0.888889 89.555556 8000.000000 -3.28805250628523e-07
1.000000 89.555556 8000.000000 -3.28804489503961e-07
0.000000 89.666667 8000.000000 -3.28683306039749e-07
0.111111 89.666667 8000.000000 -3.28678245510417e-07
0.222222 89.666667 8000.000000 -3.28681574818759e-07
0.333333 89.666667 8000.000000 -3.2868025354711e-07
0.444444 89.666667 8000.000000 -3.28680984372539e-07
0.555556 89.666667 8000.000000 -3.28680984477068e-07
0.666667 89.666667 8000.000000 -3.28680253517633e-07
0.777778 89.666667 8000.000000 -3.28681574731045e-07
0.888889 89.666667 8000.000000 -3.28678245499514e-07
1.000000 89.666667 8000.000000 -3.28683306117341e-07
0.000000 89.777778 8000.000000 -3.28894762112564e-07
0.111111 89.777778 8000.000000 -3.28899660666708e-07
0.222222 89.777778 8000.000000 -3.28908369508984e-07
0.333333 89.777778 8000.000000 -3.28899931383726e-07
0.444444 89.777778 8000.000000 -3.28897400077535e-07
0.555556 89.777778 8000.000000 -3.28897400019741e-07
0.666667 89.777778 8000.000000 -3.28899931374626e-07
0.777778 89.777778 8000.000000 -3.28908369275603e-07
0.888889 89.777778 8000.000000 -3.2889966066482e-07
1.000000 89.777778 8000.000000 -3.28894762134603e-07
0.000000 89.888889 8000.000000 -3.28749986776185e-07
0.111111 89.888889 8000.000000 -3.2874932279395e-07
0.222222 89.888889 8000.000000 -3.28751926322933e-07
0.333333 89.888889 8000.000000 -3.28748636676762e-07
0.444444 89.888889 8000.000000 -3.28749095368343e-07
0.555556 89.888889 8000.000000 -3.2874909444929e-07
0.666667 89.888889 8000.000000 -3.28748636702222e-07
0.777778 89.888889 8000.000000 -3.28751926288109e-07
0.888889 89.888889 8000.000000 -3.28749322749541e-07
1.000000 89.888889 8000.000000 -3.28749986845357e-07
0.000000 90.000000 8000.000000 -3.28330291945415e-07
0.111111 90.000000 8000.000000 -3.28330291945415e-07
0.222222 90.000000 8000.000000 -3.28330291945415e-07
0.333333 90.000000 8000.000000 -3.28330291945415e-07
0.444444 90.000000 8000.000000 -3.28330291945415e-07
0.555556 90.000000 8000.000000 -3.28330291945415e-07
0.666667 90.000000 8000.000000 -3.28330291945415e-07
0.777778 90.000000 8000.000000 -3.28330291945415e-07
0.888889 90.000000 8000.000000 -3.28330291945415e-07
1.000000 90.000000 8000.000000 -3.28330291945415e-07
