# gzzz component calculated with tessgzzz 2017:
#   local time: Sun Mar 11 03:11:56 2018
#   model file: tesseroid_vs_spherical_shell_files/model-size1.0.tess (64800 tesseroids)
#   GLQ order: 2 lon / 2 lat / 2 r
#   Use recursive division of tesseroids: True
#   Distance-size ratio for recusive division: 22.5
0.000000 89.000000 50000.000000 -3.20106158288408e-07
0.111111 89.000000 50000.000000 -3.2010613104822e-07
0.222222 89.000000 50000.000000 -3.20106117451349e-07
0.333333 89.000000 50000.000000 -3.20106128406427e-07
0.444444 89.000000 50000.000000 -3.2010606895683e-07
0.555556 89.000000 50000.000000 -3.20106068955055e-07
0.666667 89.000000 50000.000000 -3.2010612840382e-07
0.777778 89.000000 50000.000000 -3.20106117451462e-07
0.888889 89.000000 50000.000000 -3.20106131048087e-07
1.000000 89.000000 50000.000000 -3.20106158288208e-07
0.000000 89.111111 50000.000000 -3.20107064608041e-07
0.111111 89.111111 50000.000000 -3.20107062281353e-07
0.222222 89.111111 50000.000000 -3.20107038285777e-07
0.333333 89.111111 50000.000000 -3.20107091355813e-07
0.444444 89.111111 50000.000000 -3.20107137210166e-07
0.555556 89.111111 50000.000000 -3.20107137208711e-07
0.666667 89.111111 50000.000000 -3.20107091356564e-07
0.777778 89.111111 50000.000000 -3.20107038285167e-07
0.888889 89.111111 50000.000000 -3.20107062281218e-07
1.000000 89.111111 50000.000000 -3.20107064608181e-07
0.000000 89.222222 50000.000000 -3.20107043448701e-07
0.111111 89.222222 50000.000000 -3.20107046713647e-07
0.222222 89.222222 50000.000000 -3.2010702736891e-07
0.333333 89.222222 50000.000000 -3.20106990897661e-07
0.444444 89.222222 50000.000000 -3.20107016926772e-07
0.555556 89.222222 50000.000000 -3.20107016927856e-07
0.666667 89.222222 50000.000000 -3.20106990898246e-07
0.777778 89.222222 50000.000000 -3.20107027368812e-07
0.888889 89.222222 50000.000000 -3.2010704671317e-07
1.000000 89.222222 50000.000000 -3.20107043448977e-07
0.000000 89.333333 50000.000000 -3.20109432271108e-07
0.111111 89.333333 50000.000000 -3.2010948469722e-07
0.222222 89.333333 50000.000000 -3.20109472541848e-07
0.333333 89.333333 50000.000000 -3.20109529141581e-07
0.444444 89.333333 50000.000000 -3.20109510908989e-07
0.555556 89.333333 50000.000000 -3.20109510908417e-07
0.666667 89.333333 50000.000000 -3.20109529140912e-07
0.777778 89.333333 50000.000000 -3.20109472542579e-07
0.888889 89.333333 50000.000000 -3.2010948469624e-07
1.000000 89.333333 50000.000000 -3.20109432270746e-07
0.000000 89.444444 50000.000000 -3.20115600840911e-07
0.111111 89.444444 50000.000000 -3.20115596642259e-07
0.222222 89.444444 50000.000000 -3.2011559584934e-07
0.333333 89.444444 50000.000000 -3.20115597666913e-07
0.444444 89.444444 50000.000000 -3.20115561337806e-07
0.555556 89.444444 50000.000000 -3.20115561337387e-07
0.666667 89.444444 50000.000000 -3.20115597667024e-07
0.777778 89.444444 50000.000000 -3.20115595849358e-07
0.888889 89.444444 50000.000000 -3.20115596642024e-07
1.000000 89.444444 50000.000000 -3.20115600840916e-07
0.000000 89.555556 50000.000000 -3.20115972767789e-07
0.111111 89.555556 50000.000000 -3.20116008520877e-07
0.222222 89.555556 50000.000000 -3.20115926639221e-07
0.333333 89.555556 50000.000000 -3.20115942208984e-07
0.444444 89.555556 50000.000000 -3.20115925901546e-07
0.555556 89.555556 50000.000000 -3.20115925899608e-07
0.666667 89.555556 50000.000000 -3.20115942208021e-07
0.777778 89.555556 50000.000000 -3.20115926639845e-07
0.888889 89.555556 50000.000000 -3.20116008521179e-07
1.000000 89.555556 50000.000000 -3.20115972767815e-07
0.000000 89.666667 50000.000000 -3.20112839702848e-07
0.111111 89.666667 50000.000000 -3.20112868495164e-07
0.222222 89.666667 50000.000000 -3.20112896793698e-07
0.333333 89.666667 50000.000000 -3.2011288804281e-07
0.444444 89.666667 50000.000000 -3.20112877777163e-07
0.555556 89.666667 50000.000000 -3.2011287777772e-07
0.666667 89.666667 50000.000000 -3.20112888042434e-07
0.777778 89.666667 50000.000000 -3.20112896793327e-07
0.888889 89.666667 50000.000000 -3.20112868494974e-07
1.000000 89.666667 50000.000000 -3.20112839703085e-07
0.000000 89.777778 50000.000000 -3.20105677951322e-07
0.111111 89.777778 50000.000000 -3.20105667259117e-07
0.222222 89.777778 50000.000000 -3.20105652973706e-07
0.333333 89.777778 50000.000000 -3.20105663768003e-07
0.444444 89.777778 50000.000000 -3.2010568064363e-07
0.555556 89.777778 50000.000000 -3.20105680643668e-07
0.666667 89.777778 50000.000000 -3.20105663767889e-07
0.777778 89.777778 50000.000000 -3.20105652974765e-07
0.888889 89.777778 50000.000000 -3.20105667259196e-07
1.000000 89.777778 50000.000000 -3.20105677951431e-07
0.000000 89.888889 50000.000000 -3.20086585572014e-07
0.111111 89.888889 50000.000000 -3.20086585527735e-07
0.222222 89.888889 50000.000000 -3.20086559346122e-07
0.333333 89.888889 50000.000000 -3.20086553364708e-07
0.444444 89.888889 50000.000000 -3.20086569881873e-07
0.555556 89.888889 50000.000000 -3.200865698812e-07
0.666667 89.888889 50000.000000 -3.20086553364076e-07
0.777778 89.888889 50000.000000 -3.20086559346251e-07
0.888889 89.888889 50000.000000 -3.20086585528177e-07
1.000000 89.888889 50000.000000 -3.2008658557198e-07
0.000000 90.000000 50000.000000 -3.20069110597937e-07
0.111111 90.000000 50000.000000 -3.20069110597937e-07
0.222222 90.000000 50000.000000 -3.20069110597937e-07
0.333333 90.000000 50000.000000 -3.20069110597937e-07
0.444444 90.000000 50000.000000 -3.20069110597937e-07
0.555556 90.000000 50000.000000 -3.20069110597937e-07
0.666667 90.000000 50000.000000 -3.20069110597937e-07
0.777778 90.000000 50000.000000 -3.20069110597937e-07
0.888889 90.000000 50000.000000 -3.20069110597937e-07
1.000000 90.000000 50000.000000 -3.20069110597937e-07
