# gzzz component calculated with tessgzzz 2017:
#   local time: Sun Mar 11 03:14:24 2018
#   model file: tesseroid_vs_spherical_shell_files/model-size1.0.tess (64800 tesseroids)
#   GLQ order: 2 lon / 2 lat / 2 r
#   Use recursive division of tesseroids: True
#   Distance-size ratio for recusive division: 7.5
0.000000 89.000000 150000.000000 -3.01024762722425e-07
0.111111 89.000000 150000.000000 -3.01024822871153e-07
0.222222 89.000000 150000.000000 -3.01024408733231e-07
0.333333 89.000000 150000.000000 -3.01026001230846e-07
0.444444 89.000000 150000.000000 -3.01025836130252e-07
0.555556 89.000000 150000.000000 -3.01025836130203e-07
0.666667 89.000000 150000.000000 -3.01026001230853e-07
0.777778 89.000000 150000.000000 -3.01024408733174e-07
0.888889 89.000000 150000.000000 -3.01024822871192e-07
1.000000 89.000000 150000.000000 -3.0102476272242e-07
0.000000 89.111111 150000.000000 -3.0099023156356e-07
0.111111 89.111111 150000.000000 -3.0099066518206e-07
0.222222 89.111111 150000.000000 -3.0099055869746e-07
0.333333 89.111111 150000.000000 -3.00990558182243e-07
0.444444 89.111111 150000.000000 -3.00990865617036e-07
0.555556 89.111111 150000.000000 -3.00990865617034e-07
0.666667 89.111111 150000.000000 -3.00990558182289e-07
0.777778 89.111111 150000.000000 -3.00990558697434e-07
0.888889 89.111111 150000.000000 -3.00990665182087e-07
1.000000 89.111111 150000.000000 -3.00990231563541e-07
0.000000 89.222222 150000.000000 -3.00981828833341e-07
0.111111 89.222222 150000.000000 -3.00982195360552e-07
0.222222 89.222222 150000.000000 -3.00982213331645e-07
0.333333 89.222222 150000.000000 -3.00981684810092e-07
0.444444 89.222222 150000.000000 -3.00982105064705e-07
0.555556 89.222222 150000.000000 -3.00982105064637e-07
0.666667 89.222222 150000.000000 -3.00981684810072e-07
0.777778 89.222222 150000.000000 -3.00982213331574e-07
0.888889 89.222222 150000.000000 -3.0098219536055e-07
1.000000 89.222222 150000.000000 -3.00981828833382e-07
0.000000 89.333333 150000.000000 -3.00933520251449e-07
0.111111 89.333333 150000.000000 -3.00933075186033e-07
0.222222 89.333333 150000.000000 -3.00933210957287e-07
0.333333 89.333333 150000.000000 -3.00933210299993e-07
0.444444 89.333333 150000.000000 -3.00933630873731e-07
0.555556 89.333333 150000.000000 -3.00933630873673e-07
0.666667 89.333333 150000.000000 -3.00933210299963e-07
0.777778 89.333333 150000.000000 -3.00933210957266e-07
0.888889 89.333333 150000.000000 -3.00933075186025e-07
1.000000 89.333333 150000.000000 -3.00933520251452e-07
0.000000 89.444444 150000.000000 -3.00902942073701e-07
0.111111 89.444444 150000.000000 -3.00903362618025e-07
0.222222 89.444444 150000.000000 -3.00903363062102e-07
0.333333 89.444444 150000.000000 -3.00903365153328e-07
0.444444 89.444444 150000.000000 -3.0090331489011e-07
0.555556 89.444444 150000.000000 -3.00903314890114e-07
0.666667 89.444444 150000.000000 -3.00903365153392e-07
0.777778 89.444444 150000.000000 -3.0090336306208e-07
0.888889 89.444444 150000.000000 -3.00903362618017e-07
1.000000 89.444444 150000.000000 -3.00902942073701e-07
0.000000 89.555556 150000.000000 -3.0085644619462e-07
0.111111 89.555556 150000.000000 -3.00856446767379e-07
0.222222 89.555556 150000.000000 -3.00856376149541e-07
0.333333 89.555556 150000.000000 -3.00856067990106e-07
0.444444 89.555556 150000.000000 -3.00855679390992e-07
0.555556 89.555556 150000.000000 -3.00855679390989e-07
0.666667 89.555556 150000.000000 -3.00856067990155e-07
0.777778 89.555556 150000.000000 -3.00856376149562e-07
0.888889 89.555556 150000.000000 -3.008564467674e-07
1.000000 89.555556 150000.000000 -3.0085644619463e-07
0.000000 89.666667 150000.000000 -3.00795775943847e-07
0.111111 89.666667 150000.000000 -3.00795776240366e-07
0.222222 89.666667 150000.000000 -3.00795444971976e-07
0.333333 89.666667 150000.000000 -3.00795445071965e-07
0.444444 89.666667 150000.000000 -3.00795471041812e-07
0.555556 89.666667 150000.000000 -3.00795471041774e-07
0.666667 89.666667 150000.000000 -3.00795445071888e-07
0.777778 89.666667 150000.000000 -3.00795444971928e-07
0.888889 89.666667 150000.000000 -3.00795776240349e-07
1.000000 89.666667 150000.000000 -3.00795775943848e-07
0.000000 89.777778 150000.000000 -3.00749312819547e-07
0.111111 89.777778 150000.000000 -3.00749312978859e-07
0.222222 89.777778 150000.000000 -3.00749313457013e-07
0.333333 89.777778 150000.000000 -3.00749315929019e-07
0.444444 89.777778 150000.000000 -3.00749391953397e-07
0.555556 89.777778 150000.000000 -3.00749391953361e-07
0.666667 89.777778 150000.000000 -3.00749315928911e-07
0.777778 89.777778 150000.000000 -3.00749313457049e-07
0.888889 89.777778 150000.000000 -3.00749312978833e-07
1.000000 89.777778 150000.000000 -3.00749312819557e-07
0.000000 89.888889 150000.000000 -3.00703130574976e-07
0.111111 89.888889 150000.000000 -3.00703130607481e-07
0.222222 89.888889 150000.000000 -3.00702964121427e-07
0.333333 89.888889 150000.000000 -3.00702963991998e-07
0.444444 89.888889 150000.000000 -3.00702963927085e-07
0.555556 89.888889 150000.000000 -3.00702963927075e-07
0.666667 89.888889 150000.000000 -3.0070296399205e-07
0.777778 89.888889 150000.000000 -3.00702964121403e-07
0.888889 89.888889 150000.000000 -3.00703130607462e-07
1.000000 89.888889 150000.000000 -3.00703130574977e-07
0.000000 90.000000 150000.000000 -3.00697029139953e-07
0.111111 90.000000 150000.000000 -3.00697029139953e-07
0.222222 90.000000 150000.000000 -3.00697029139953e-07
0.333333 90.000000 150000.000000 -3.00697029139953e-07
0.444444 90.000000 150000.000000 -3.00697029139953e-07
0.555556 90.000000 150000.000000 -3.00697029139953e-07
0.666667 90.000000 150000.000000 -3.00697029139953e-07
0.777778 90.000000 150000.000000 -3.00697029139953e-07
0.888889 90.000000 150000.000000 -3.00697029139953e-07
1.000000 90.000000 150000.000000 -3.00697029139953e-07
