# gzzz component calculated with tessgzzz 2017:
#   local time: Sun Mar 11 03:12:13 2018
#   model file: tesseroid_vs_spherical_shell_files/model-size1.0.tess (64800 tesseroids)
#   GLQ order: 2 lon / 2 lat / 2 r
#   Use recursive division of tesseroids: True
#   Distance-size ratio for recusive division: 27.5
0.000000 89.000000 50000.000000 -3.20117152268123e-07
0.111111 89.000000 50000.000000 -3.20117160810525e-07
0.222222 89.000000 50000.000000 -3.2011701863717e-07
0.333333 89.000000 50000.000000 -3.20117068967855e-07
0.444444 89.000000 50000.000000 -3.20116808851356e-07
0.555556 89.000000 50000.000000 -3.20116808850834e-07
0.666667 89.000000 50000.000000 -3.20117068964625e-07
0.777778 89.000000 50000.000000 -3.20117018636598e-07
0.888889 89.000000 50000.000000 -3.20117160809667e-07
1.000000 89.000000 50000.000000 -3.20117152268217e-07
0.000000 89.111111 50000.000000 -3.20120889277652e-07
0.111111 89.111111 50000.000000 -3.20120908670099e-07
0.222222 89.111111 50000.000000 -3.20120924217002e-07
0.333333 89.111111 50000.000000 -3.20120910697926e-07
0.444444 89.111111 50000.000000 -3.20120826608084e-07
0.555556 89.111111 50000.000000 -3.20120826606739e-07
0.666667 89.111111 50000.000000 -3.20120910698776e-07
0.777778 89.111111 50000.000000 -3.20120924216639e-07
0.888889 89.111111 50000.000000 -3.20120908669725e-07
1.000000 89.111111 50000.000000 -3.20120889277801e-07
0.000000 89.222222 50000.000000 -3.20116328608209e-07
0.111111 89.222222 50000.000000 -3.20116323367092e-07
0.222222 89.222222 50000.000000 -3.20116340658733e-07
0.333333 89.222222 50000.000000 -3.20116345411312e-07
0.444444 89.222222 50000.000000 -3.20116346015103e-07
0.555556 89.222222 50000.000000 -3.20116346015233e-07
0.666667 89.222222 50000.000000 -3.20116345412296e-07
0.777778 89.222222 50000.000000 -3.20116340658701e-07
0.888889 89.222222 50000.000000 -3.20116323366146e-07
1.000000 89.222222 50000.000000 -3.20116328608684e-07
0.000000 89.333333 50000.000000 -3.20116357415941e-07
0.111111 89.333333 50000.000000 -3.20116356938683e-07
0.222222 89.333333 50000.000000 -3.20116349089924e-07
0.333333 89.333333 50000.000000 -3.20116360446575e-07
0.444444 89.333333 50000.000000 -3.20116362435227e-07
0.555556 89.333333 50000.000000 -3.20116362434981e-07
0.666667 89.333333 50000.000000 -3.20116360445048e-07
0.777778 89.333333 50000.000000 -3.20116349090495e-07
0.888889 89.333333 50000.000000 -3.20116356937641e-07
1.000000 89.333333 50000.000000 -3.20116357415475e-07
0.000000 89.444444 50000.000000 -3.20116046673043e-07
0.111111 89.444444 50000.000000 -3.20116049329558e-07
0.222222 89.444444 50000.000000 -3.20116053434482e-07
0.333333 89.444444 50000.000000 -3.20116054027015e-07
0.444444 89.444444 50000.000000 -3.2011606556706e-07
0.555556 89.444444 50000.000000 -3.20116065566478e-07
0.666667 89.444444 50000.000000 -3.20116054026624e-07
0.777778 89.444444 50000.000000 -3.20116053434797e-07
0.888889 89.444444 50000.000000 -3.20116049328714e-07
1.000000 89.444444 50000.000000 -3.20116046672913e-07
0.000000 89.555556 50000.000000 -3.20116587138715e-07
0.111111 89.555556 50000.000000 -3.20116589786605e-07
0.222222 89.555556 50000.000000 -3.20116596320721e-07
0.333333 89.555556 50000.000000 -3.20116584738809e-07
0.444444 89.555556 50000.000000 -3.20116573343329e-07
0.555556 89.555556 50000.000000 -3.2011657334156e-07
0.666667 89.555556 50000.000000 -3.20116584737894e-07
0.777778 89.555556 50000.000000 -3.20116596321668e-07
0.888889 89.555556 50000.000000 -3.20116589788066e-07
1.000000 89.555556 50000.000000 -3.20116587138806e-07
0.000000 89.666667 50000.000000 -3.20117927462707e-07
0.111111 89.666667 50000.000000 -3.20117913862422e-07
0.222222 89.666667 50000.000000 -3.20117911474197e-07
0.333333 89.666667 50000.000000 -3.20117910174681e-07
0.444444 89.666667 50000.000000 -3.20117908720812e-07
0.555556 89.666667 50000.000000 -3.20117908721146e-07
0.666667 89.666667 50000.000000 -3.20117910173669e-07
0.777778 89.666667 50000.000000 -3.20117911474207e-07
0.888889 89.666667 50000.000000 -3.2011791386195e-07
1.000000 89.666667 50000.000000 -3.20117927462974e-07
0.000000 89.777778 50000.000000 -3.20115775132437e-07
0.111111 89.777778 50000.000000 -3.20115778378019e-07
0.222222 89.777778 50000.000000 -3.20115789148327e-07
0.333333 89.777778 50000.000000 -3.20115782751764e-07
0.444444 89.777778 50000.000000 -3.20115774261265e-07
0.555556 89.777778 50000.000000 -3.20115774261193e-07
0.666667 89.777778 50000.000000 -3.20115782752163e-07
0.777778 89.777778 50000.000000 -3.20115789149455e-07
0.888889 89.777778 50000.000000 -3.20115778377981e-07
1.000000 89.777778 50000.000000 -3.20115775132539e-07
0.000000 89.888889 50000.000000 -3.20100043722711e-07
0.111111 89.888889 50000.000000 -3.2010004371451e-07
0.222222 89.888889 50000.000000 -3.20100051777724e-07
0.333333 89.888889 50000.000000 -3.20100040853385e-07
0.444444 89.888889 50000.000000 -3.20100046685068e-07
0.555556 89.888889 50000.000000 -3.20100046684142e-07
0.666667 89.888889 50000.000000 -3.20100040852658e-07
0.777778 89.888889 50000.000000 -3.20100051777091e-07
0.888889 89.888889 50000.000000 -3.20100043714755e-07
1.000000 89.888889 50000.000000 -3.20100043722686e-07
0.000000 90.000000 50000.000000 -3.20084683452044e-07
0.111111 90.000000 50000.000000 -3.20084683452044e-07
0.222222 90.000000 50000.000000 -3.20084683452044e-07
0.333333 90.000000 50000.000000 -3.20084683452044e-07
0.444444 90.000000 50000.000000 -3.20084683452044e-07
0.555556 90.000000 50000.000000 -3.20084683452044e-07
0.666667 90.000000 50000.000000 -3.20084683452044e-07
0.777778 90.000000 50000.000000 -3.20084683452044e-07
0.888889 90.000000 50000.000000 -3.20084683452044e-07
1.000000 90.000000 50000.000000 -3.20084683452044e-07
