# gzzz component calculated with tessgzzz 2017:
#   local time: Sun Mar 11 03:13:57 2018
#   model file: tesseroid_vs_spherical_shell_files/model-size1.0.tess (64800 tesseroids)
#   GLQ order: 2 lon / 2 lat / 2 r
#   Use recursive division of tesseroids: True
#   Distance-size ratio for recusive division: 50
0.000000 89.000000 50000.000000 -3.20117868132383e-07
0.111111 89.000000 50000.000000 -3.20117905579641e-07
0.222222 89.000000 50000.000000 -3.20117915967235e-07
0.333333 89.000000 50000.000000 -3.20117911147775e-07
0.444444 89.000000 50000.000000 -3.20117889216039e-07
0.555556 89.000000 50000.000000 -3.20117889215922e-07
0.666667 89.000000 50000.000000 -3.2011791114708e-07
0.777778 89.000000 50000.000000 -3.20117915966239e-07
0.888889 89.000000 50000.000000 -3.20117905578901e-07
1.000000 89.000000 50000.000000 -3.20117868132945e-07
0.000000 89.111111 50000.000000 -3.20117824926451e-07
0.111111 89.111111 50000.000000 -3.20117820451353e-07
0.222222 89.111111 50000.000000 -3.20117831052445e-07
0.333333 89.111111 50000.000000 -3.20117820333314e-07
0.444444 89.111111 50000.000000 -3.20117818414056e-07
0.555556 89.111111 50000.000000 -3.20117818413251e-07
0.666667 89.111111 50000.000000 -3.20117820333694e-07
0.777778 89.111111 50000.000000 -3.20117831052754e-07
0.888889 89.111111 50000.000000 -3.20117820451528e-07
1.000000 89.111111 50000.000000 -3.20117824926044e-07
0.000000 89.222222 50000.000000 -3.20117561277925e-07
0.111111 89.222222 50000.000000 -3.20117577995006e-07
0.222222 89.222222 50000.000000 -3.20117594445069e-07
0.333333 89.222222 50000.000000 -3.20117631268006e-07
0.444444 89.222222 50000.000000 -3.20117611040908e-07
0.555556 89.222222 50000.000000 -3.20117611040864e-07
0.666667 89.222222 50000.000000 -3.20117631266007e-07
0.777778 89.222222 50000.000000 -3.20117594443509e-07
0.888889 89.222222 50000.000000 -3.20117577994112e-07
1.000000 89.222222 50000.000000 -3.20117561277667e-07
0.000000 89.333333 50000.000000 -3.201177162124e-07
0.111111 89.333333 50000.000000 -3.20117728166675e-07
0.222222 89.333333 50000.000000 -3.20117725649498e-07
0.333333 89.333333 50000.000000 -3.20117712353426e-07
0.444444 89.333333 50000.000000 -3.20117716110705e-07
0.555556 89.333333 50000.000000 -3.20117716112287e-07
0.666667 89.333333 50000.000000 -3.2011771235314e-07
0.777778 89.333333 50000.000000 -3.20117725647691e-07
0.888889 89.333333 50000.000000 -3.20117728169161e-07
1.000000 89.333333 50000.000000 -3.20117716212152e-07
0.000000 89.444444 50000.000000 -3.20117616494372e-07
0.111111 89.444444 50000.000000 -3.20117612340936e-07
0.222222 89.444444 50000.000000 -3.20117593841113e-07
0.333333 89.444444 50000.000000 -3.2011761361309e-07
0.444444 89.444444 50000.000000 -3.201176133379e-07
0.555556 89.444444 50000.000000 -3.20117613337122e-07
0.666667 89.444444 50000.000000 -3.20117613613149e-07
0.777778 89.444444 50000.000000 -3.20117593842364e-07
0.888889 89.444444 50000.000000 -3.20117612341832e-07
1.000000 89.444444 50000.000000 -3.20117616493745e-07
0.000000 89.555556 50000.000000 -3.20117671573306e-07
0.111111 89.555556 50000.000000 -3.20117671144319e-07
0.222222 89.555556 50000.000000 -3.20117665918271e-07
0.333333 89.555556 50000.000000 -3.20117664333443e-07
0.444444 89.555556 50000.000000 -3.20117703494611e-07
0.555556 89.555556 50000.000000 -3.20117703494339e-07
0.666667 89.555556 50000.000000 -3.2011766433213e-07
0.777778 89.555556 50000.000000 -3.2011766591654e-07
0.888889 89.555556 50000.000000 -3.20117671143249e-07
1.000000 89.555556 50000.000000 -3.2011767157328e-07
0.000000 89.666667 50000.000000 -3.20117992964631e-07
0.111111 89.666667 50000.000000 -3.20117974097771e-07
0.222222 89.666667 50000.000000 -3.20117960960602e-07
0.333333 89.666667 50000.000000 -3.20117958393752e-07
0.444444 89.666667 50000.000000 -3.20117950321916e-07
0.555556 89.666667 50000.000000 -3.20117950321919e-07
0.666667 89.666667 50000.000000 -3.20117958392819e-07
0.777778 89.666667 50000.000000 -3.20117960961222e-07
0.888889 89.666667 50000.000000 -3.20117974096609e-07
1.000000 89.666667 50000.000000 -3.20117992964597e-07
0.000000 89.777778 50000.000000 -3.20117581224872e-07
0.111111 89.777778 50000.000000 -3.20117591090298e-07
0.222222 89.777778 50000.000000 -3.20117590913203e-07
0.333333 89.777778 50000.000000 -3.2011758768531e-07
0.444444 89.777778 50000.000000 -3.20117581078485e-07
0.555556 89.777778 50000.000000 -3.20117581079073e-07
0.666667 89.777778 50000.000000 -3.20117587684266e-07
0.777778 89.777778 50000.000000 -3.2011759091305e-07
0.888889 89.777778 50000.000000 -3.20117591089689e-07
1.000000 89.777778 50000.000000 -3.20117581224642e-07
0.000000 89.888889 50000.000000 -3.20116810527154e-07
0.111111 89.888889 50000.000000 -3.20116805812617e-07
0.222222 89.888889 50000.000000 -3.20116813584789e-07
0.333333 89.888889 50000.000000 -3.20116812895231e-07
0.444444 89.888889 50000.000000 -3.20116812968954e-07
0.555556 89.888889 50000.000000 -3.20116812969983e-07
0.666667 89.888889 50000.000000 -3.20116812895947e-07
0.777778 89.888889 50000.000000 -3.20116813584174e-07
0.888889 89.888889 50000.000000 -3.20116805812489e-07
1.000000 89.888889 50000.000000 -3.20116810527246e-07
0.000000 90.000000 50000.000000 -3.2011633835473e-07
0.111111 90.000000 50000.000000 -3.2011633835473e-07
0.222222 90.000000 50000.000000 -3.2011633835473e-07
0.333333 90.000000 50000.000000 -3.2011633835473e-07
0.444444 90.000000 50000.000000 -3.2011633835473e-07
0.555556 90.000000 50000.000000 -3.2011633835473e-07
0.666667 90.000000 50000.000000 -3.2011633835473e-07
0.777778 90.000000 50000.000000 -3.2011633835473e-07
0.888889 90.000000 50000.000000 -3.2011633835473e-07
1.000000 90.000000 50000.000000 -3.2011633835473e-07
