# gzzz component calculated with tessgzzz 2017:
#   local time: Sun Mar 11 03:06:29 2018
#   model file: tesseroid_vs_spherical_shell_files/model-size1.0.tess (64800 tesseroids)
#   GLQ order: 2 lon / 2 lat / 2 r
#   Use recursive division of tesseroids: True
#   Distance-size ratio for recusive division: 20
0.000000 89.000000 10000.000000 -3.30414941312952e-07
0.111111 89.000000 10000.000000 -3.30412846179607e-07
0.222222 89.000000 10000.000000 -3.30409043961115e-07
0.333333 89.000000 10000.000000 -3.30428269129838e-07
0.444444 89.000000 10000.000000 -3.30424361273928e-07
0.555556 89.000000 10000.000000 -3.30424361297355e-07
0.666667 89.000000 10000.000000 -3.30428269186818e-07
0.777778 89.000000 10000.000000 -3.30409043961194e-07
0.888889 89.000000 10000.000000 -3.3041284619363e-07
1.000000 89.000000 10000.000000 -3.30414941322201e-07
0.000000 89.111111 10000.000000 -3.29193511209719e-07
0.111111 89.111111 10000.000000 -3.29261585051614e-07
0.222222 89.111111 10000.000000 -3.29262561379052e-07
0.333333 89.111111 10000.000000 -3.29240863938741e-07
0.444444 89.111111 10000.000000 -3.29205889491805e-07
0.555556 89.111111 10000.000000 -3.29205889504699e-07
0.666667 89.111111 10000.000000 -3.29240863946591e-07
0.777778 89.111111 10000.000000 -3.29262561389877e-07
0.888889 89.111111 10000.000000 -3.29261585036869e-07
1.000000 89.111111 10000.000000 -3.29193511204514e-07
0.000000 89.222222 10000.000000 -3.29615019497027e-07
0.111111 89.222222 10000.000000 -3.29613526190828e-07
0.222222 89.222222 10000.000000 -3.29607522794009e-07
0.333333 89.222222 10000.000000 -3.29608225687502e-07
0.444444 89.222222 10000.000000 -3.29603107569653e-07
0.555556 89.222222 10000.000000 -3.29603107589182e-07
0.666667 89.222222 10000.000000 -3.29608225658965e-07
0.777778 89.222222 10000.000000 -3.29607522796127e-07
0.888889 89.222222 10000.000000 -3.29613526076532e-07
1.000000 89.222222 10000.000000 -3.29615019477215e-07
0.000000 89.333333 10000.000000 -3.29098331672869e-07
0.111111 89.333333 10000.000000 -3.29085164342205e-07
0.222222 89.333333 10000.000000 -3.29167951852367e-07
0.333333 89.333333 10000.000000 -3.29145192999184e-07
0.444444 89.333333 10000.000000 -3.29120225420429e-07
0.555556 89.333333 10000.000000 -3.29120225440264e-07
0.666667 89.333333 10000.000000 -3.29145193040715e-07
0.777778 89.333333 10000.000000 -3.29167951842282e-07
0.888889 89.333333 10000.000000 -3.29085164341488e-07
1.000000 89.333333 10000.000000 -3.29098331682164e-07
0.000000 89.444444 10000.000000 -3.29212273446735e-07
0.111111 89.444444 10000.000000 -3.29266790922777e-07
0.222222 89.444444 10000.000000 -3.29340284723717e-07
0.333333 89.444444 10000.000000 -3.29298948548794e-07
0.444444 89.444444 10000.000000 -3.29226543681496e-07
0.555556 89.444444 10000.000000 -3.29226543627764e-07
0.666667 89.444444 10000.000000 -3.29298948515488e-07
0.777778 89.444444 10000.000000 -3.29340284727967e-07
0.888889 89.444444 10000.000000 -3.2926679098748e-07
1.000000 89.444444 10000.000000 -3.29212273444716e-07
0.000000 89.555556 10000.000000 -3.28995193684545e-07
0.111111 89.555556 10000.000000 -3.29056309413136e-07
0.222222 89.555556 10000.000000 -3.29118057890434e-07
0.333333 89.555556 10000.000000 -3.29079992002079e-07
0.444444 89.555556 10000.000000 -3.29012246332552e-07
0.555556 89.555556 10000.000000 -3.2901224587312e-07
0.666667 89.555556 10000.000000 -3.29079992052292e-07
0.777778 89.555556 10000.000000 -3.29118057927999e-07
0.888889 89.555556 10000.000000 -3.29056309411944e-07
1.000000 89.555556 10000.000000 -3.28995193705354e-07
0.000000 89.666667 10000.000000 -3.29000871514224e-07
0.111111 89.666667 10000.000000 -3.29019410990541e-07
0.222222 89.666667 10000.000000 -3.29015578430955e-07
0.333333 89.666667 10000.000000 -3.29044216121353e-07
0.444444 89.666667 10000.000000 -3.29044088484621e-07
0.555556 89.666667 10000.000000 -3.29044088477587e-07
0.666667 89.666667 10000.000000 -3.29044216141215e-07
0.777778 89.666667 10000.000000 -3.29015578421702e-07
0.888889 89.666667 10000.000000 -3.29019411013976e-07
1.000000 89.666667 10000.000000 -3.29000871526466e-07
0.000000 89.777778 10000.000000 -3.29883596474355e-07
0.111111 89.777778 10000.000000 -3.29882559621447e-07
0.222222 89.777778 10000.000000 -3.29889817460283e-07
0.333333 89.777778 10000.000000 -3.29937231414606e-07
0.444444 89.777778 10000.000000 -3.29962044961997e-07
0.555556 89.777778 10000.000000 -3.29962044960038e-07
0.666667 89.777778 10000.000000 -3.29937231431366e-07
0.777778 89.777778 10000.000000 -3.29889817467814e-07
0.888889 89.777778 10000.000000 -3.29882559615265e-07
1.000000 89.777778 10000.000000 -3.29883596456858e-07
0.000000 89.888889 10000.000000 -3.29334909992743e-07
0.111111 89.888889 10000.000000 -3.29343463425824e-07
0.222222 89.888889 10000.000000 -3.29356969951963e-07
0.333333 89.888889 10000.000000 -3.29350148364911e-07
0.444444 89.888889 10000.000000 -3.29351941652584e-07
0.555556 89.888889 10000.000000 -3.29351941652735e-07
0.666667 89.888889 10000.000000 -3.29350148360458e-07
0.777778 89.888889 10000.000000 -3.29356969961552e-07
0.888889 89.888889 10000.000000 -3.29343463425082e-07
1.000000 89.888889 10000.000000 -3.29334909978001e-07
0.000000 90.000000 10000.000000 -3.2633009167429e-07
0.111111 90.000000 10000.000000 -3.2633009167429e-07
0.222222 90.000000 10000.000000 -3.2633009167429e-07
0.333333 90.000000 10000.000000 -3.2633009167429e-07
0.444444 90.000000 10000.000000 -3.2633009167429e-07
0.555556 90.000000 10000.000000 -3.2633009167429e-07
0.666667 90.000000 10000.000000 -3.2633009167429e-07
0.777778 90.000000 10000.000000 -3.2633009167429e-07
0.888889 90.000000 10000.000000 -3.2633009167429e-07
1.000000 90.000000 10000.000000 -3.2633009167429e-07
