# gzzz component calculated with tessgzzz 2017:
#   local time: Sun Mar 11 02:56:13 2018
#   model file: tesseroid_vs_spherical_shell_files/model-size1.0.tess (64800 tesseroids)
#   GLQ order: 2 lon / 2 lat / 2 r
#   Use recursive division of tesseroids: True
#   Distance-size ratio for recusive division: 42.5
0.000000 89.000000 6000.000000 -3.29113057052063e-07
0.111111 89.000000 6000.000000 -3.2911301900114e-07
0.222222 89.000000 6000.000000 -3.29113568611984e-07
0.333333 89.000000 6000.000000 -3.29112389897211e-07
0.444444 89.000000 6000.000000 -3.29112997926722e-07
0.555556 89.000000 6000.000000 -3.2911299698317e-07
0.666667 89.000000 6000.000000 -3.29112390161653e-07
0.777778 89.000000 6000.000000 -3.29113568624782e-07
0.888889 89.000000 6000.000000 -3.29113020289623e-07
1.000000 89.000000 6000.000000 -3.29113057208795e-07
0.000000 89.111111 6000.000000 -3.29069647505473e-07
0.111111 89.111111 6000.000000 -3.29070497362248e-07
0.222222 89.111111 6000.000000 -3.29071221360997e-07
0.333333 89.111111 6000.000000 -3.29070881482943e-07
0.444444 89.111111 6000.000000 -3.29070407943359e-07
0.555556 89.111111 6000.000000 -3.29070407640476e-07
0.666667 89.111111 6000.000000 -3.29070881660399e-07
0.777778 89.111111 6000.000000 -3.29071220944086e-07
0.888889 89.111111 6000.000000 -3.2907049756083e-07
1.000000 89.111111 6000.000000 -3.29069647347891e-07
0.000000 89.222222 6000.000000 -3.29007726072451e-07
0.111111 89.222222 6000.000000 -3.29006934429539e-07
0.222222 89.222222 6000.000000 -3.29008155653154e-07
0.333333 89.222222 6000.000000 -3.29007132653577e-07
0.444444 89.222222 6000.000000 -3.2900863639785e-07
0.555556 89.222222 6000.000000 -3.29008636524987e-07
0.666667 89.222222 6000.000000 -3.29007131775033e-07
0.777778 89.222222 6000.000000 -3.29008156089675e-07
0.888889 89.222222 6000.000000 -3.29006934381416e-07
1.000000 89.222222 6000.000000 -3.29007725897027e-07
0.000000 89.333333 6000.000000 -3.29048720157093e-07
0.111111 89.333333 6000.000000 -3.29048207397059e-07
0.222222 89.333333 6000.000000 -3.29048279947336e-07
0.333333 89.333333 6000.000000 -3.29048467736265e-07
0.444444 89.333333 6000.000000 -3.29047814101562e-07
0.555556 89.333333 6000.000000 -3.29047814188326e-07
0.666667 89.333333 6000.000000 -3.29048467360157e-07
0.777778 89.333333 6000.000000 -3.29048279889126e-07
0.888889 89.333333 6000.000000 -3.2904820705651e-07
1.000000 89.333333 6000.000000 -3.29048720042181e-07
0.000000 89.444444 6000.000000 -3.29174694522309e-07
0.111111 89.444444 6000.000000 -3.29175309005404e-07
0.222222 89.444444 6000.000000 -3.29174207656254e-07
0.333333 89.444444 6000.000000 -3.29172243295706e-07
0.444444 89.444444 6000.000000 -3.29170973042229e-07
0.555556 89.444444 6000.000000 -3.29170972315976e-07
0.666667 89.444444 6000.000000 -3.29172243283931e-07
0.777778 89.444444 6000.000000 -3.29174207523132e-07
0.888889 89.444444 6000.000000 -3.29175309105807e-07
1.000000 89.444444 6000.000000 -3.29174694628452e-07
0.000000 89.555556 6000.000000 -3.29064084056973e-07
0.111111 89.555556 6000.000000 -3.29062309148281e-07
0.222222 89.555556 6000.000000 -3.2906277090088e-07
0.333333 89.555556 6000.000000 -3.29063030592784e-07
0.444444 89.555556 6000.000000 -3.29063021382573e-07
0.555556 89.555556 6000.000000 -3.29063021366069e-07
0.666667 89.555556 6000.000000 -3.29063031471079e-07
0.777778 89.555556 6000.000000 -3.29062769789715e-07
0.888889 89.555556 6000.000000 -3.29062307676945e-07
1.000000 89.555556 6000.000000 -3.29064084513871e-07
0.000000 89.666667 6000.000000 -3.29051733356479e-07
0.111111 89.666667 6000.000000 -3.2905307812114e-07
0.222222 89.666667 6000.000000 -3.2905195628705e-07
0.333333 89.666667 6000.000000 -3.29052366477239e-07
0.444444 89.666667 6000.000000 -3.29051902698562e-07
0.555556 89.666667 6000.000000 -3.29051902700923e-07
0.666667 89.666667 6000.000000 -3.29052366360687e-07
0.777778 89.666667 6000.000000 -3.29051956150353e-07
0.888889 89.666667 6000.000000 -3.29053077821687e-07
1.000000 89.666667 6000.000000 -3.29051733180266e-07
0.000000 89.777778 6000.000000 -3.29048651005833e-07
0.111111 89.777778 6000.000000 -3.29047528957663e-07
0.222222 89.777778 6000.000000 -3.29047436033519e-07
0.333333 89.777778 6000.000000 -3.2904786323768e-07
0.444444 89.777778 6000.000000 -3.29047610668495e-07
0.555556 89.777778 6000.000000 -3.29047610985425e-07
0.666667 89.777778 6000.000000 -3.2904786346529e-07
0.777778 89.777778 6000.000000 -3.29047436049848e-07
0.888889 89.777778 6000.000000 -3.29047528684995e-07
1.000000 89.777778 6000.000000 -3.29048650769924e-07
0.000000 89.888889 6000.000000 -3.29048284368354e-07
0.111111 89.888889 6000.000000 -3.29048721647122e-07
0.222222 89.888889 6000.000000 -3.29048437087565e-07
0.333333 89.888889 6000.000000 -3.29047675580414e-07
0.444444 89.888889 6000.000000 -3.29047839604948e-07
0.555556 89.888889 6000.000000 -3.29047839564526e-07
0.666667 89.888889 6000.000000 -3.29047675478493e-07
0.777778 89.888889 6000.000000 -3.29048437294691e-07
0.888889 89.888889 6000.000000 -3.29048721644537e-07
1.000000 89.888889 6000.000000 -3.29048284327709e-07
0.000000 90.000000 6000.000000 -3.28801908833336e-07
0.111111 90.000000 6000.000000 -3.28801908833336e-07
0.222222 90.000000 6000.000000 -3.28801908833336e-07
0.333333 90.000000 6000.000000 -3.28801908833336e-07
0.444444 90.000000 6000.000000 -3.28801908833336e-07
0.555556 90.000000 6000.000000 -3.28801908833336e-07
0.666667 90.000000 6000.000000 -3.28801908833336e-07
0.777778 90.000000 6000.000000 -3.28801908833336e-07
0.888889 90.000000 6000.000000 -3.28801908833336e-07
1.000000 90.000000 6000.000000 -3.28801908833336e-07
