# gzzz component calculated with tessgzzz 2017:
#   local time: Sun Mar 11 02:47:17 2018
#   model file: tesseroid_vs_spherical_shell_files/model-size1.0.tess (64800 tesseroids)
#   GLQ order: 2 lon / 2 lat / 2 r
#   Use recursive division of tesseroids: True
#   Distance-size ratio for recusive division: 42.5
0.000000 89.000000 4000.000000 -3.29055691715285e-07
0.111111 89.000000 4000.000000 -3.29059145665981e-07
0.222222 89.000000 4000.000000 -3.29057314936417e-07
0.333333 89.000000 4000.000000 -3.290583375507e-07
0.444444 89.000000 4000.000000 -3.29057219732939e-07
0.555556 89.000000 4000.000000 -3.2905722020242e-07
0.666667 89.000000 4000.000000 -3.29058336828844e-07
0.777778 89.000000 4000.000000 -3.29057313292276e-07
0.888889 89.000000 4000.000000 -3.29059145230484e-07
1.000000 89.000000 4000.000000 -3.29055692096322e-07
0.000000 89.111111 4000.000000 -3.29110095256162e-07
0.111111 89.111111 4000.000000 -3.29112070147234e-07
0.222222 89.111111 4000.000000 -3.29110188643933e-07
0.333333 89.111111 4000.000000 -3.29110546991023e-07
0.444444 89.111111 4000.000000 -3.29112763445758e-07
0.555556 89.111111 4000.000000 -3.29112763420119e-07
0.666667 89.111111 4000.000000 -3.2911055499644e-07
0.777778 89.111111 4000.000000 -3.29110189155887e-07
0.888889 89.111111 4000.000000 -3.29112070147015e-07
1.000000 89.111111 4000.000000 -3.29110095662444e-07
0.000000 89.222222 4000.000000 -3.29153606272418e-07
0.111111 89.222222 4000.000000 -3.29152247275635e-07
0.222222 89.222222 4000.000000 -3.29157015471236e-07
0.333333 89.222222 4000.000000 -3.29154458948875e-07
0.444444 89.222222 4000.000000 -3.29155661932767e-07
0.555556 89.222222 4000.000000 -3.29155660404239e-07
0.666667 89.222222 4000.000000 -3.29154467992285e-07
0.777778 89.222222 4000.000000 -3.29157015174264e-07
0.888889 89.222222 4000.000000 -3.29152247858845e-07
1.000000 89.222222 4000.000000 -3.29153607610677e-07
0.000000 89.333333 4000.000000 -3.29391918724911e-07
0.111111 89.333333 4000.000000 -3.29391314714737e-07
0.222222 89.333333 4000.000000 -3.2938966562953e-07
0.333333 89.333333 4000.000000 -3.29389376818498e-07
0.444444 89.333333 4000.000000 -3.29391218655418e-07
0.555556 89.333333 4000.000000 -3.2939121569565e-07
0.666667 89.333333 4000.000000 -3.29389376021348e-07
0.777778 89.333333 4000.000000 -3.29389666181498e-07
0.888889 89.333333 4000.000000 -3.29391312893476e-07
1.000000 89.333333 4000.000000 -3.29391918281093e-07
0.000000 89.444444 4000.000000 -3.2904245803629e-07
0.111111 89.444444 4000.000000 -3.29042942898727e-07
0.222222 89.444444 4000.000000 -3.29046887178776e-07
0.333333 89.444444 4000.000000 -3.29044703633978e-07
0.444444 89.444444 4000.000000 -3.29042988995029e-07
0.555556 89.444444 4000.000000 -3.29042991573354e-07
0.666667 89.444444 4000.000000 -3.29044703152854e-07
0.777778 89.444444 4000.000000 -3.29046887964725e-07
0.888889 89.444444 4000.000000 -3.29042943133351e-07
1.000000 89.444444 4000.000000 -3.29042457280138e-07
0.000000 89.555556 4000.000000 -3.29133968722419e-07
0.111111 89.555556 4000.000000 -3.29133647731829e-07
0.222222 89.555556 4000.000000 -3.29134675979852e-07
0.333333 89.555556 4000.000000 -3.29133433183694e-07
0.444444 89.555556 4000.000000 -3.29133973385114e-07
0.555556 89.555556 4000.000000 -3.2913397245469e-07
0.666667 89.555556 4000.000000 -3.29133433387246e-07
0.777778 89.555556 4000.000000 -3.29134674348989e-07
0.888889 89.555556 4000.000000 -3.29133646281435e-07
1.000000 89.555556 4000.000000 -3.2913396917956e-07
0.000000 89.666667 4000.000000 -3.29379189316338e-07
0.111111 89.666667 4000.000000 -3.29376236898156e-07
0.222222 89.666667 4000.000000 -3.29374281495822e-07
0.333333 89.666667 4000.000000 -3.29377332860277e-07
0.444444 89.666667 4000.000000 -3.29379170644916e-07
0.555556 89.666667 4000.000000 -3.2937917074799e-07
0.666667 89.666667 4000.000000 -3.29377327165227e-07
0.777778 89.666667 4000.000000 -3.2937428227484e-07
0.888889 89.666667 4000.000000 -3.29376236838876e-07
1.000000 89.666667 4000.000000 -3.29379190212274e-07
0.000000 89.777778 4000.000000 -3.29023117113621e-07
0.111111 89.777778 4000.000000 -3.29016572067477e-07
0.222222 89.777778 4000.000000 -3.29023010566281e-07
0.333333 89.777778 4000.000000 -3.29017289318215e-07
0.444444 89.777778 4000.000000 -3.29017715712801e-07
0.555556 89.777778 4000.000000 -3.29017715819129e-07
0.666667 89.777778 4000.000000 -3.29017289578362e-07
0.777778 89.777778 4000.000000 -3.29023009973722e-07
0.888889 89.777778 4000.000000 -3.29016573327531e-07
1.000000 89.777778 4000.000000 -3.29023116841724e-07
0.000000 89.888889 4000.000000 -3.28871420223837e-07
0.111111 89.888889 4000.000000 -3.28874534847773e-07
0.222222 89.888889 4000.000000 -3.28875623697199e-07
0.333333 89.888889 4000.000000 -3.2887518613786e-07
0.444444 89.888889 4000.000000 -3.28874924044103e-07
0.555556 89.888889 4000.000000 -3.28874923755508e-07
0.666667 89.888889 4000.000000 -3.28875185875805e-07
0.777778 89.888889 4000.000000 -3.28875623759804e-07
0.888889 89.888889 4000.000000 -3.28874535266439e-07
1.000000 89.888889 4000.000000 -3.28871419960371e-07
0.000000 90.000000 4000.000000 -3.29254053982667e-07
0.111111 90.000000 4000.000000 -3.29254053982667e-07
0.222222 90.000000 4000.000000 -3.29254053982667e-07
0.333333 90.000000 4000.000000 -3.29254053982667e-07
0.444444 90.000000 4000.000000 -3.29254053982667e-07
0.555556 90.000000 4000.000000 -3.29254053982667e-07
0.666667 90.000000 4000.000000 -3.29254053982667e-07
0.777778 90.000000 4000.000000 -3.29254053982667e-07
0.888889 90.000000 4000.000000 -3.29254053982667e-07
1.000000 90.000000 4000.000000 -3.29254053982667e-07
