# gzzz component calculated with tessgzzz 2017:
#   local time: Sun Mar 11 03:11:42 2018
#   model file: tesseroid_vs_spherical_shell_files/model-size1.0.tess (64800 tesseroids)
#   GLQ order: 2 lon / 2 lat / 2 r
#   Use recursive division of tesseroids: True
#   Distance-size ratio for recusive division: 17.5
0.000000 89.000000 50000.000000 -3.2011005392685e-07
0.111111 89.000000 50000.000000 -3.20110357233051e-07
0.222222 89.000000 50000.000000 -3.2011110811224e-07
0.333333 89.000000 50000.000000 -3.20111300265242e-07
0.444444 89.000000 50000.000000 -3.20111706107034e-07
0.555556 89.000000 50000.000000 -3.20111706105849e-07
0.666667 89.000000 50000.000000 -3.20111300263018e-07
0.777778 89.000000 50000.000000 -3.20111108112055e-07
0.888889 89.000000 50000.000000 -3.20110357233286e-07
1.000000 89.000000 50000.000000 -3.20110053926346e-07
0.000000 89.111111 50000.000000 -3.20110014097045e-07
0.111111 89.111111 50000.000000 -3.20109697750353e-07
0.222222 89.111111 50000.000000 -3.20109970626945e-07
0.333333 89.111111 50000.000000 -3.20109338192669e-07
0.444444 89.111111 50000.000000 -3.20109011453779e-07
0.555556 89.111111 50000.000000 -3.20109011452427e-07
0.666667 89.111111 50000.000000 -3.20109338193187e-07
0.777778 89.111111 50000.000000 -3.20109970626444e-07
0.888889 89.111111 50000.000000 -3.20109697750823e-07
1.000000 89.111111 50000.000000 -3.20110014097219e-07
0.000000 89.222222 50000.000000 -3.20109127875594e-07
0.111111 89.222222 50000.000000 -3.20109153226463e-07
0.222222 89.222222 50000.000000 -3.20109375549652e-07
0.333333 89.222222 50000.000000 -3.20109175693273e-07
0.444444 89.222222 50000.000000 -3.2010919778179e-07
0.555556 89.222222 50000.000000 -3.20109197782758e-07
0.666667 89.222222 50000.000000 -3.20109175693567e-07
0.777778 89.222222 50000.000000 -3.20109375549898e-07
0.888889 89.222222 50000.000000 -3.20109153226388e-07
1.000000 89.222222 50000.000000 -3.20109127875886e-07
0.000000 89.333333 50000.000000 -3.201122235959e-07
0.111111 89.333333 50000.000000 -3.20112307132615e-07
0.222222 89.333333 50000.000000 -3.20112560084786e-07
0.333333 89.333333 50000.000000 -3.20113146926641e-07
0.444444 89.333333 50000.000000 -3.20113226561385e-07
0.555556 89.333333 50000.000000 -3.20113226561219e-07
0.666667 89.333333 50000.000000 -3.201131469262e-07
0.777778 89.333333 50000.000000 -3.20112560085115e-07
0.888889 89.333333 50000.000000 -3.20112307131795e-07
1.000000 89.333333 50000.000000 -3.20112223595462e-07
0.000000 89.444444 50000.000000 -3.20117733261709e-07
0.111111 89.444444 50000.000000 -3.20117978750642e-07
0.222222 89.444444 50000.000000 -3.20117949664941e-07
0.333333 89.444444 50000.000000 -3.20118449632681e-07
0.444444 89.444444 50000.000000 -3.20118343974995e-07
0.555556 89.444444 50000.000000 -3.20118343974242e-07
0.666667 89.444444 50000.000000 -3.20118449632853e-07
0.777778 89.444444 50000.000000 -3.20117949665355e-07
0.888889 89.444444 50000.000000 -3.20117978750133e-07
1.000000 89.444444 50000.000000 -3.20117733262036e-07
0.000000 89.555556 50000.000000 -3.20137687368019e-07
0.111111 89.555556 50000.000000 -3.20137737392304e-07
0.222222 89.555556 50000.000000 -3.20137599638375e-07
0.333333 89.555556 50000.000000 -3.20137445976658e-07
0.444444 89.555556 50000.000000 -3.20137663857909e-07
0.555556 89.555556 50000.000000 -3.20137663856217e-07
0.666667 89.555556 50000.000000 -3.20137445975829e-07
0.777778 89.555556 50000.000000 -3.20137599638314e-07
0.888889 89.555556 50000.000000 -3.20137737392292e-07
1.000000 89.555556 50000.000000 -3.20137687368056e-07
0.000000 89.666667 50000.000000 -3.20164032991811e-07
0.111111 89.666667 50000.000000 -3.20163864420672e-07
0.222222 89.666667 50000.000000 -3.20164035027207e-07
0.333333 89.666667 50000.000000 -3.20164224070513e-07
0.444444 89.666667 50000.000000 -3.20164418098039e-07
0.555556 89.666667 50000.000000 -3.20164418098273e-07
0.666667 89.666667 50000.000000 -3.20164224070778e-07
0.777778 89.666667 50000.000000 -3.20164035026718e-07
0.888889 89.666667 50000.000000 -3.20163864420254e-07
1.000000 89.666667 50000.000000 -3.20164032991984e-07
0.000000 89.777778 50000.000000 -3.2020076701054e-07
0.111111 89.777778 50000.000000 -3.20201016671796e-07
0.222222 89.777778 50000.000000 -3.20200888725274e-07
0.333333 89.777778 50000.000000 -3.20200912247698e-07
0.444444 89.777778 50000.000000 -3.20200846638221e-07
0.555556 89.777778 50000.000000 -3.2020084663797e-07
0.666667 89.777778 50000.000000 -3.20200912247367e-07
0.777778 89.777778 50000.000000 -3.20200888725805e-07
0.888889 89.777778 50000.000000 -3.20201016671646e-07
1.000000 89.777778 50000.000000 -3.20200767010639e-07
0.000000 89.888889 50000.000000 -3.20174318475683e-07
0.111111 89.888889 50000.000000 -3.20174346291859e-07
0.222222 89.888889 50000.000000 -3.20174353309854e-07
0.333333 89.888889 50000.000000 -3.20174096074981e-07
0.444444 89.888889 50000.000000 -3.20174233981616e-07
0.555556 89.888889 50000.000000 -3.20174233981355e-07
0.666667 89.888889 50000.000000 -3.2017409607504e-07
0.777778 89.888889 50000.000000 -3.20174353309928e-07
0.888889 89.888889 50000.000000 -3.201743462923e-07
1.000000 89.888889 50000.000000 -3.20174318475661e-07
0.000000 90.000000 50000.000000 -3.20160612828361e-07
0.111111 90.000000 50000.000000 -3.20160612828361e-07
0.222222 90.000000 50000.000000 -3.20160612828361e-07
0.333333 90.000000 50000.000000 -3.20160612828361e-07
0.444444 90.000000 50000.000000 -3.20160612828361e-07
0.555556 90.000000 50000.000000 -3.20160612828361e-07
0.666667 90.000000 50000.000000 -3.20160612828361e-07
0.777778 90.000000 50000.000000 -3.20160612828361e-07
0.888889 90.000000 50000.000000 -3.20160612828361e-07
1.000000 90.000000 50000.000000 -3.20160612828361e-07
