# gzzz component calculated with tessgzzz 2017:
#   local time: Sun Mar 11 03:00:41 2018
#   model file: tesseroid_vs_spherical_shell_files/model-size1.0.tess (64800 tesseroids)
#   GLQ order: 2 lon / 2 lat / 2 r
#   Use recursive division of tesseroids: True
#   Distance-size ratio for recusive division: 25
0.000000 89.000000 8000.000000 -3.27967416329408e-07
0.111111 89.000000 8000.000000 -3.27967295435526e-07
0.222222 89.000000 8000.000000 -3.27972797666013e-07
0.333333 89.000000 8000.000000 -3.27970329792695e-07
0.444444 89.000000 8000.000000 -3.27966017572911e-07
0.555556 89.000000 8000.000000 -3.27966017498776e-07
0.666667 89.000000 8000.000000 -3.27970329754245e-07
0.777778 89.000000 8000.000000 -3.27972797432294e-07
0.888889 89.000000 8000.000000 -3.27967295405679e-07
1.000000 89.000000 8000.000000 -3.27967416297265e-07
0.000000 89.111111 8000.000000 -3.27973860494497e-07
0.111111 89.111111 8000.000000 -3.27993412205976e-07
0.222222 89.111111 8000.000000 -3.27976485357029e-07
0.333333 89.111111 8000.000000 -3.27977377078766e-07
0.444444 89.111111 8000.000000 -3.279706915782e-07
0.555556 89.111111 8000.000000 -3.2797069167931e-07
0.666667 89.111111 8000.000000 -3.27977377057688e-07
0.777778 89.111111 8000.000000 -3.27976485309122e-07
0.888889 89.111111 8000.000000 -3.27993414463664e-07
1.000000 89.111111 8000.000000 -3.27973860498724e-07
0.000000 89.222222 8000.000000 -3.27883310462368e-07
0.111111 89.222222 8000.000000 -3.27875439873937e-07
0.222222 89.222222 8000.000000 -3.2788463434687e-07
0.333333 89.222222 8000.000000 -3.27883001335212e-07
0.444444 89.222222 8000.000000 -3.27883876153535e-07
0.555556 89.222222 8000.000000 -3.27883876151178e-07
0.666667 89.222222 8000.000000 -3.27883001352267e-07
0.777778 89.222222 8000.000000 -3.27884634099171e-07
0.888889 89.222222 8000.000000 -3.27875439873089e-07
1.000000 89.222222 8000.000000 -3.27883310458267e-07
0.000000 89.333333 8000.000000 -3.28663955837132e-07
0.111111 89.333333 8000.000000 -3.28672873246154e-07
0.222222 89.333333 8000.000000 -3.28684869151872e-07
0.333333 89.333333 8000.000000 -3.28680466910409e-07
0.444444 89.333333 8000.000000 -3.28678619523054e-07
0.555556 89.333333 8000.000000 -3.28678619537129e-07
0.666667 89.333333 8000.000000 -3.28680466987617e-07
0.777778 89.333333 8000.000000 -3.2868486920231e-07
0.888889 89.333333 8000.000000 -3.28672873250842e-07
1.000000 89.333333 8000.000000 -3.2866395574197e-07
0.000000 89.444444 8000.000000 -3.27981262245946e-07
0.111111 89.444444 8000.000000 -3.27990463780849e-07
0.222222 89.444444 8000.000000 -3.27996488645512e-07
0.333333 89.444444 8000.000000 -3.27996927014648e-07
0.444444 89.444444 8000.000000 -3.28000543098766e-07
0.555556 89.444444 8000.000000 -3.28000543149118e-07
0.666667 89.444444 8000.000000 -3.27996926994208e-07
0.777778 89.444444 8000.000000 -3.27996488611468e-07
0.888889 89.444444 8000.000000 -3.27990463893551e-07
1.000000 89.444444 8000.000000 -3.27981262270903e-07
0.000000 89.555556 8000.000000 -3.2773744170574e-07
0.111111 89.555556 8000.000000 -3.27725110039848e-07
0.222222 89.555556 8000.000000 -3.27701103788167e-07
0.333333 89.555556 8000.000000 -3.27715409795343e-07
0.444444 89.555556 8000.000000 -3.27735230033863e-07
0.555556 89.555556 8000.000000 -3.277352300993e-07
0.666667 89.555556 8000.000000 -3.27715409354734e-07
0.777778 89.555556 8000.000000 -3.2770110383569e-07
0.888889 89.555556 8000.000000 -3.27725109962723e-07
1.000000 89.555556 8000.000000 -3.27737441710523e-07
0.000000 89.666667 8000.000000 -3.28514647601743e-07
0.111111 89.666667 8000.000000 -3.28524882782914e-07
0.222222 89.666667 8000.000000 -3.28542667357763e-07
0.333333 89.666667 8000.000000 -3.28541125208663e-07
0.444444 89.666667 8000.000000 -3.28525573045488e-07
0.555556 89.666667 8000.000000 -3.28525573012326e-07
0.666667 89.666667 8000.000000 -3.28541125206039e-07
0.777778 89.666667 8000.000000 -3.28542667297913e-07
0.888889 89.666667 8000.000000 -3.28524882767162e-07
1.000000 89.666667 8000.000000 -3.2851464757447e-07
0.000000 89.777778 8000.000000 -3.2769939700548e-07
0.111111 89.777778 8000.000000 -3.27701939872273e-07
0.222222 89.777778 8000.000000 -3.27715074226434e-07
0.333333 89.777778 8000.000000 -3.27691661749326e-07
0.444444 89.777778 8000.000000 -3.27674844655773e-07
0.555556 89.777778 8000.000000 -3.27674844644585e-07
0.666667 89.777778 8000.000000 -3.27691661812142e-07
0.777778 89.777778 8000.000000 -3.27715074013026e-07
0.888889 89.777778 8000.000000 -3.27701939826067e-07
1.000000 89.777778 8000.000000 -3.27699397039886e-07
0.000000 89.888889 8000.000000 -3.28108717227711e-07
0.111111 89.888889 8000.000000 -3.28110032656296e-07
0.222222 89.888889 8000.000000 -3.28116705047448e-07
0.333333 89.888889 8000.000000 -3.28120468523379e-07
0.444444 89.888889 8000.000000 -3.28121973494025e-07
0.555556 89.888889 8000.000000 -3.28121973483269e-07
0.666667 89.888889 8000.000000 -3.28120468529348e-07
0.777778 89.888889 8000.000000 -3.28116705013724e-07
0.888889 89.888889 8000.000000 -3.28110032649412e-07
1.000000 89.888889 8000.000000 -3.2810871729435e-07
0.000000 90.000000 8000.000000 -3.27680215835934e-07
0.111111 90.000000 8000.000000 -3.27680215835934e-07
0.222222 90.000000 8000.000000 -3.27680215835934e-07
0.333333 90.000000 8000.000000 -3.27680215835934e-07
0.444444 90.000000 8000.000000 -3.27680215835934e-07
0.555556 90.000000 8000.000000 -3.27680215835934e-07
0.666667 90.000000 8000.000000 -3.27680215835934e-07
0.777778 90.000000 8000.000000 -3.27680215835934e-07
0.888889 90.000000 8000.000000 -3.27680215835934e-07
1.000000 90.000000 8000.000000 -3.27680215835934e-07
