# gzzz component calculated with tessgzzz 2017:
#   local time: Sun Mar 11 02:59:32 2018
#   model file: tesseroid_vs_spherical_shell_files/model-size1.0.tess (64800 tesseroids)
#   GLQ order: 2 lon / 2 lat / 2 r
#   Use recursive division of tesseroids: False
#   Distance-size ratio for recusive division: 25
0.000000 89.000000 8000.000000 0.0042580827935448
0.111111 89.000000 8000.000000 0.00425808279355075
0.222222 89.000000 8000.000000 0.00425808279355275
0.333333 89.000000 8000.000000 0.00425808279355092
0.444444 89.000000 8000.000000 0.00425808279355707
0.555556 89.000000 8000.000000 0.00425808279355707
0.666667 89.000000 8000.000000 0.00425808279355092
0.777778 89.000000 8000.000000 0.00425808279355275
0.888889 89.000000 8000.000000 0.00425808279355075
1.000000 89.000000 8000.000000 0.00425808279354479
0.000000 89.111111 8000.000000 0.0156512890885204
0.111111 89.111111 8000.000000 0.015651289088523
0.222222 89.111111 8000.000000 0.0156512890885288
0.333333 89.111111 8000.000000 0.0156512890884478
0.444444 89.111111 8000.000000 0.0156512890884264
0.555556 89.111111 8000.000000 0.0156512890884264
0.666667 89.111111 8000.000000 0.0156512890884478
0.777778 89.111111 8000.000000 0.0156512890885288
0.888889 89.111111 8000.000000 0.015651289088523
1.000000 89.111111 8000.000000 0.0156512890885204
0.000000 89.222222 8000.000000 -0.0810328704148434
0.111111 89.222222 8000.000000 -0.0810328703843893
0.222222 89.222222 8000.000000 -0.0810328704229823
0.333333 89.222222 8000.000000 -0.0810328703660024
0.444444 89.222222 8000.000000 -0.0810328703872085
0.555556 89.222222 8000.000000 -0.0810328703872085
0.666667 89.222222 8000.000000 -0.0810328703660024
0.777778 89.222222 8000.000000 -0.0810328704229823
0.888889 89.222222 8000.000000 -0.0810328703843892
1.000000 89.222222 8000.000000 -0.0810328704148434
0.000000 89.333333 8000.000000 0.0117287947620955
0.111111 89.333333 8000.000000 0.0117287947621216
0.222222 89.333333 8000.000000 0.0117287947621561
0.333333 89.333333 8000.000000 0.0117287947620767
0.444444 89.333333 8000.000000 0.0117287947620638
0.555556 89.333333 8000.000000 0.0117287947620638
0.666667 89.333333 8000.000000 0.0117287947620767
0.777778 89.333333 8000.000000 0.0117287947621561
0.888889 89.333333 8000.000000 0.0117287947621216
1.000000 89.333333 8000.000000 0.0117287947620955
0.000000 89.444444 8000.000000 0.00212664665455852
0.111111 89.444444 8000.000000 0.00212664665455866
0.222222 89.444444 8000.000000 0.00212664665456366
0.333333 89.444444 8000.000000 0.00212664665456279
0.444444 89.444444 8000.000000 0.00212664665456442
0.555556 89.444444 8000.000000 0.00212664665456442
0.666667 89.444444 8000.000000 0.00212664665456269
0.777778 89.444444 8000.000000 0.00212664665456366
0.888889 89.444444 8000.000000 0.00212664665455866
1.000000 89.444444 8000.000000 0.00212664665455852
0.000000 89.555556 8000.000000 0.00163994406692704
0.111111 89.555556 8000.000000 0.00163994406692773
0.222222 89.555556 8000.000000 0.00163994406692601
0.333333 89.555556 8000.000000 0.0016399440669273
0.444444 89.555556 8000.000000 0.00163994406692687
0.555556 89.555556 8000.000000 0.00163994406692687
0.666667 89.555556 8000.000000 0.0016399440669273
0.777778 89.555556 8000.000000 0.00163994406692601
0.888889 89.555556 8000.000000 0.00163994406692773
1.000000 89.555556 8000.000000 0.00163994406692704
0.000000 89.666667 8000.000000 0.00886689770896143
0.111111 89.666667 8000.000000 0.00886689770896121
0.222222 89.666667 8000.000000 0.00886689770897306
0.333333 89.666667 8000.000000 0.00886689770900232
0.444444 89.666667 8000.000000 0.00886689770898812
0.555556 89.666667 8000.000000 0.00886689770898813
0.666667 89.666667 8000.000000 0.00886689770900216
0.777778 89.666667 8000.000000 0.00886689770897306
0.888889 89.666667 8000.000000 0.00886689770896121
1.000000 89.666667 8000.000000 0.00886689770896143
0.000000 89.777778 8000.000000 -0.077967531009879
0.111111 89.777778 8000.000000 -0.0779675310157135
0.222222 89.777778 8000.000000 -0.0779675310088611
0.333333 89.777778 8000.000000 -0.077967531013632
0.444444 89.777778 8000.000000 -0.0779675310067306
0.555556 89.777778 8000.000000 -0.0779675310067306
0.666667 89.777778 8000.000000 -0.077967531013632
0.777778 89.777778 8000.000000 -0.077967531008861
0.888889 89.777778 8000.000000 -0.0779675310157135
1.000000 89.777778 8000.000000 -0.077967531009879
0.000000 89.888889 8000.000000 0.0233322589127241
0.111111 89.888889 8000.000000 0.0233322589125501
0.222222 89.888889 8000.000000 0.0233322589126212
0.333333 89.888889 8000.000000 0.0233322589126211
0.444444 89.888889 8000.000000 0.0233322589126524
0.555556 89.888889 8000.000000 0.0233322589126524
0.666667 89.888889 8000.000000 0.0233322589126211
0.777778 89.888889 8000.000000 0.0233322589126212
0.888889 89.888889 8000.000000 0.0233322589125501
1.000000 89.888889 8000.000000 0.0233322589127241
0.000000 90.000000 8000.000000 0.00921951034553401
0.111111 90.000000 8000.000000 0.00921951034553401
0.222222 90.000000 8000.000000 0.00921951034553401
0.333333 90.000000 8000.000000 0.00921951034553401
0.444444 90.000000 8000.000000 0.00921951034553401
0.555556 90.000000 8000.000000 0.00921951034553401
0.666667 90.000000 8000.000000 0.00921951034553401
0.777778 90.000000 8000.000000 0.00921951034553401
0.888889 90.000000 8000.000000 0.00921951034553401
1.000000 90.000000 8000.000000 0.00921951034553401
