# gzzz component calculated with tessgzzz 2017:
#   local time: Sun Mar 11 03:15:29 2018
#   model file: tesseroid_vs_spherical_shell_files/model-size1.0.tess (64800 tesseroids)
#   GLQ order: 2 lon / 2 lat / 2 r
#   Use recursive division of tesseroids: True
#   Distance-size ratio for recusive division: 32.5
0.000000 89.000000 150000.000000 -3.00948501548822e-07
0.111111 89.000000 150000.000000 -3.00948501584815e-07
0.222222 89.000000 150000.000000 -3.00948502043671e-07
0.333333 89.000000 150000.000000 -3.00948502274796e-07
0.444444 89.000000 150000.000000 -3.00948503073388e-07
0.555556 89.000000 150000.000000 -3.00948503073482e-07
0.666667 89.000000 150000.000000 -3.00948502274798e-07
0.777778 89.000000 150000.000000 -3.00948502043551e-07
0.888889 89.000000 150000.000000 -3.00948501584827e-07
1.000000 89.000000 150000.000000 -3.00948501548831e-07
0.000000 89.111111 150000.000000 -3.00948451873966e-07
0.111111 89.111111 150000.000000 -3.0094845142892e-07
0.222222 89.111111 150000.000000 -3.00948451638417e-07
0.333333 89.111111 150000.000000 -3.00948452091274e-07
0.444444 89.111111 150000.000000 -3.00948451818102e-07
0.555556 89.111111 150000.000000 -3.00948451818153e-07
0.666667 89.111111 150000.000000 -3.00948452091437e-07
0.777778 89.111111 150000.000000 -3.00948451638288e-07
0.888889 89.111111 150000.000000 -3.00948451428795e-07
1.000000 89.111111 150000.000000 -3.00948451874006e-07
0.000000 89.222222 150000.000000 -3.00948384915123e-07
0.111111 89.222222 150000.000000 -3.00948385389839e-07
0.222222 89.222222 150000.000000 -3.00948385905718e-07
0.333333 89.222222 150000.000000 -3.00948386417684e-07
0.444444 89.222222 150000.000000 -3.00948386365747e-07
0.555556 89.222222 150000.000000 -3.00948386365717e-07
0.666667 89.222222 150000.000000 -3.00948386417674e-07
0.777778 89.222222 150000.000000 -3.00948385905709e-07
0.888889 89.222222 150000.000000 -3.00948385390072e-07
1.000000 89.222222 150000.000000 -3.00948384915073e-07
0.000000 89.333333 150000.000000 -3.00948301330821e-07
0.111111 89.333333 150000.000000 -3.00948300974262e-07
0.222222 89.333333 150000.000000 -3.00948300783883e-07
0.333333 89.333333 150000.000000 -3.00948300565595e-07
0.444444 89.333333 150000.000000 -3.00948299971353e-07
0.555556 89.333333 150000.000000 -3.00948299971325e-07
0.666667 89.333333 150000.000000 -3.00948300565629e-07
0.777778 89.333333 150000.000000 -3.00948300783922e-07
0.888889 89.333333 150000.000000 -3.00948300974327e-07
1.000000 89.333333 150000.000000 -3.00948301330817e-07
0.000000 89.444444 150000.000000 -3.00948177412487e-07
0.111111 89.444444 150000.000000 -3.0094817790304e-07
0.222222 89.444444 150000.000000 -3.00948177871147e-07
0.333333 89.444444 150000.000000 -3.00948177991583e-07
0.444444 89.444444 150000.000000 -3.00948177525933e-07
0.555556 89.444444 150000.000000 -3.00948177525918e-07
0.666667 89.444444 150000.000000 -3.00948177991543e-07
0.777778 89.444444 150000.000000 -3.0094817787101e-07
0.888889 89.444444 150000.000000 -3.00948177903013e-07
1.000000 89.444444 150000.000000 -3.00948177412503e-07
0.000000 89.555556 150000.000000 -3.00948019666481e-07
0.111111 89.555556 150000.000000 -3.00948019673903e-07
0.222222 89.555556 150000.000000 -3.00948019699807e-07
0.333333 89.555556 150000.000000 -3.00948019537904e-07
0.444444 89.555556 150000.000000 -3.0094801923506e-07
0.555556 89.555556 150000.000000 -3.0094801923505e-07
0.666667 89.555556 150000.000000 -3.00948019537912e-07
0.777778 89.555556 150000.000000 -3.00948019699737e-07
0.888889 89.555556 150000.000000 -3.0094801967389e-07
1.000000 89.555556 150000.000000 -3.00948019666474e-07
0.000000 89.666667 150000.000000 -3.00947834019634e-07
0.111111 89.666667 150000.000000 -3.0094783394798e-07
0.222222 89.666667 150000.000000 -3.00947834160919e-07
0.333333 89.666667 150000.000000 -3.00947834301082e-07
0.444444 89.666667 150000.000000 -3.00947834608006e-07
0.555556 89.666667 150000.000000 -3.00947834607986e-07
0.666667 89.666667 150000.000000 -3.00947834301044e-07
0.777778 89.666667 150000.000000 -3.0094783416084e-07
0.888889 89.666667 150000.000000 -3.00947833947941e-07
1.000000 89.666667 150000.000000 -3.0094783401963e-07
0.000000 89.777778 150000.000000 -3.00947660498729e-07
0.111111 89.777778 150000.000000 -3.00947660349253e-07
0.222222 89.777778 150000.000000 -3.00947660551555e-07
0.333333 89.777778 150000.000000 -3.00947660521567e-07
0.444444 89.777778 150000.000000 -3.00947660445897e-07
0.555556 89.777778 150000.000000 -3.00947660446036e-07
0.666667 89.777778 150000.000000 -3.00947660521581e-07
0.777778 89.777778 150000.000000 -3.00947660551353e-07
0.888889 89.777778 150000.000000 -3.00947660349135e-07
1.000000 89.777778 150000.000000 -3.00947660498732e-07
0.000000 89.888889 150000.000000 -3.00947528409041e-07
0.111111 89.888889 150000.000000 -3.00947528408903e-07
0.222222 89.888889 150000.000000 -3.00947528385624e-07
0.333333 89.888889 150000.000000 -3.0094752858262e-07
0.444444 89.888889 150000.000000 -3.0094752856283e-07
0.555556 89.888889 150000.000000 -3.00947528562902e-07
0.666667 89.888889 150000.000000 -3.00947528582449e-07
0.777778 89.888889 150000.000000 -3.00947528385569e-07
0.888889 89.888889 150000.000000 -3.00947528408802e-07
1.000000 89.888889 150000.000000 -3.00947528409051e-07
0.000000 90.000000 150000.000000 -3.00947473212548e-07
0.111111 90.000000 150000.000000 -3.00947473212548e-07
0.222222 90.000000 150000.000000 -3.00947473212548e-07
0.333333 90.000000 150000.000000 -3.00947473212548e-07
0.444444 90.000000 150000.000000 -3.00947473212548e-07
0.555556 90.000000 150000.000000 -3.00947473212548e-07
0.666667 90.000000 150000.000000 -3.00947473212548e-07
0.777778 90.000000 150000.000000 -3.00947473212548e-07
0.888889 90.000000 150000.000000 -3.00947473212548e-07
1.000000 90.000000 150000.000000 -3.00947473212548e-07
