# gzzz component calculated with tessgzzz 2017:
#   local time: Sun Mar 11 03:03:35 2018
#   model file: tesseroid_vs_spherical_shell_files/model-size1.0.tess (64800 tesseroids)
#   GLQ order: 2 lon / 2 lat / 2 r
#   Use recursive division of tesseroids: True
#   Distance-size ratio for recusive division: 45
0.000000 89.000000 8000.000000 -3.28540851214105e-07
0.111111 89.000000 8000.000000 -3.2854189279173e-07
0.222222 89.000000 8000.000000 -3.2854217474348e-07
0.333333 89.000000 8000.000000 -3.28542325292109e-07
0.444444 89.000000 8000.000000 -3.28541809518151e-07
0.555556 89.000000 8000.000000 -3.28541809007982e-07
0.666667 89.000000 8000.000000 -3.28542325352725e-07
0.777778 89.000000 8000.000000 -3.28542174625405e-07
0.888889 89.000000 8000.000000 -3.28541893048766e-07
1.000000 89.000000 8000.000000 -3.28540851160777e-07
0.000000 89.111111 8000.000000 -3.28573355903515e-07
0.111111 89.111111 8000.000000 -3.28574553048796e-07
0.222222 89.111111 8000.000000 -3.28574967704108e-07
0.333333 89.111111 8000.000000 -3.28574798955264e-07
0.444444 89.111111 8000.000000 -3.28574563442503e-07
0.555556 89.111111 8000.000000 -3.28574563573804e-07
0.666667 89.111111 8000.000000 -3.28574798909526e-07
0.777778 89.111111 8000.000000 -3.2857496743185e-07
0.888889 89.111111 8000.000000 -3.28574553003075e-07
1.000000 89.111111 8000.000000 -3.28573355946865e-07
0.000000 89.222222 8000.000000 -3.28586938463774e-07
0.111111 89.222222 8000.000000 -3.28586892992745e-07
0.222222 89.222222 8000.000000 -3.28586471859156e-07
0.333333 89.222222 8000.000000 -3.28585895371011e-07
0.444444 89.222222 8000.000000 -3.28585643572143e-07
0.555556 89.222222 8000.000000 -3.28585643480444e-07
0.666667 89.222222 8000.000000 -3.28585895237594e-07
0.777778 89.222222 8000.000000 -3.2858647166246e-07
0.888889 89.222222 8000.000000 -3.28586892782268e-07
1.000000 89.222222 8000.000000 -3.2858693838959e-07
0.000000 89.333333 8000.000000 -3.28591605465296e-07
0.111111 89.333333 8000.000000 -3.28591730616017e-07
0.222222 89.333333 8000.000000 -3.2859190964406e-07
0.333333 89.333333 8000.000000 -3.28591607777926e-07
0.444444 89.333333 8000.000000 -3.28591968833481e-07
0.555556 89.333333 8000.000000 -3.28591968892687e-07
0.666667 89.333333 8000.000000 -3.28591607415194e-07
0.777778 89.333333 8000.000000 -3.28591909689369e-07
0.888889 89.333333 8000.000000 -3.2859173046261e-07
1.000000 89.333333 8000.000000 -3.28591605416414e-07
0.000000 89.444444 8000.000000 -3.28536834508968e-07
0.111111 89.444444 8000.000000 -3.2853774452922e-07
0.222222 89.444444 8000.000000 -3.28537263881554e-07
0.333333 89.444444 8000.000000 -3.28537117403787e-07
0.444444 89.444444 8000.000000 -3.28537662767042e-07
0.555556 89.444444 8000.000000 -3.28537662511505e-07
0.666667 89.444444 8000.000000 -3.28537117420645e-07
0.777778 89.444444 8000.000000 -3.28537263639076e-07
0.888889 89.444444 8000.000000 -3.28537744319926e-07
1.000000 89.444444 8000.000000 -3.28536834627139e-07
0.000000 89.555556 8000.000000 -3.28528025069821e-07
0.111111 89.555556 8000.000000 -3.28527734427759e-07
0.222222 89.555556 8000.000000 -3.28527305082706e-07
0.333333 89.555556 8000.000000 -3.28527661294228e-07
0.444444 89.555556 8000.000000 -3.2852782063597e-07
0.555556 89.555556 8000.000000 -3.28527820524834e-07
0.666667 89.555556 8000.000000 -3.28527661372974e-07
0.777778 89.555556 8000.000000 -3.28527304836459e-07
0.888889 89.555556 8000.000000 -3.28527733830474e-07
1.000000 89.555556 8000.000000 -3.28528025017957e-07
0.000000 89.666667 8000.000000 -3.28598666640026e-07
0.111111 89.666667 8000.000000 -3.28598990854573e-07
0.222222 89.666667 8000.000000 -3.28598940664233e-07
0.333333 89.666667 8000.000000 -3.28598326488162e-07
0.444444 89.666667 8000.000000 -3.28598680730312e-07
0.555556 89.666667 8000.000000 -3.2859868078513e-07
0.666667 89.666667 8000.000000 -3.28598326452112e-07
0.777778 89.666667 8000.000000 -3.28598940295259e-07
0.888889 89.666667 8000.000000 -3.28598990800943e-07
1.000000 89.666667 8000.000000 -3.28598666592704e-07
0.000000 89.777778 8000.000000 -3.28529005830574e-07
0.111111 89.777778 8000.000000 -3.28529075379054e-07
0.222222 89.777778 8000.000000 -3.28529166229042e-07
0.333333 89.777778 8000.000000 -3.28528719792249e-07
0.444444 89.777778 8000.000000 -3.2852915037283e-07
0.555556 89.777778 8000.000000 -3.28529150169416e-07
0.666667 89.777778 8000.000000 -3.28528719706558e-07
0.777778 89.777778 8000.000000 -3.28529166270551e-07
0.888889 89.777778 8000.000000 -3.28529075282359e-07
1.000000 89.777778 8000.000000 -3.28529005913499e-07
0.000000 89.888889 8000.000000 -3.2854472245229e-07
0.111111 89.888889 8000.000000 -3.28544686489079e-07
0.222222 89.888889 8000.000000 -3.28544074093027e-07
0.333333 89.888889 8000.000000 -3.28544169259988e-07
0.444444 89.888889 8000.000000 -3.28544158365989e-07
0.555556 89.888889 8000.000000 -3.28544158469916e-07
0.666667 89.888889 8000.000000 -3.28544169224009e-07
0.777778 89.888889 8000.000000 -3.28544074168454e-07
0.888889 89.888889 8000.000000 -3.28544686597935e-07
1.000000 89.888889 8000.000000 -3.28544722554791e-07
0.000000 90.000000 8000.000000 -3.28601811371242e-07
0.111111 90.000000 8000.000000 -3.28601811371242e-07
0.222222 90.000000 8000.000000 -3.28601811371242e-07
0.333333 90.000000 8000.000000 -3.28601811371242e-07
0.444444 90.000000 8000.000000 -3.28601811371242e-07
0.555556 90.000000 8000.000000 -3.28601811371242e-07
0.666667 90.000000 8000.000000 -3.28601811371242e-07
0.777778 90.000000 8000.000000 -3.28601811371242e-07
0.888889 90.000000 8000.000000 -3.28601811371242e-07
1.000000 90.000000 8000.000000 -3.28601811371242e-07
