# gzzz component calculated with tessgzzz 2017:
#   local time: Sun Mar 11 03:00:11 2018
#   model file: tesseroid_vs_spherical_shell_files/model-size1.0.tess (64800 tesseroids)
#   GLQ order: 2 lon / 2 lat / 2 r
#   Use recursive division of tesseroids: True
#   Distance-size ratio for recusive division: 17.5
0.000000 89.000000 8000.000000 -3.31971942324881e-07
0.111111 89.000000 8000.000000 -3.31727499705835e-07
0.222222 89.000000 8000.000000 -3.31838920941453e-07
0.333333 89.000000 8000.000000 -3.31661774421829e-07
0.444444 89.000000 8000.000000 -3.31767274873706e-07
0.555556 89.000000 8000.000000 -3.317672750058e-07
0.666667 89.000000 8000.000000 -3.31661774525522e-07
0.777778 89.000000 8000.000000 -3.31838920904868e-07
0.888889 89.000000 8000.000000 -3.31727499724587e-07
1.000000 89.000000 8000.000000 -3.31971942328396e-07
0.000000 89.111111 8000.000000 -3.320265826267e-07
0.111111 89.111111 8000.000000 -3.31829730291395e-07
0.222222 89.111111 8000.000000 -3.31923735684389e-07
0.333333 89.111111 8000.000000 -3.31694987930123e-07
0.444444 89.111111 8000.000000 -3.31873735784846e-07
0.555556 89.111111 8000.000000 -3.31873735860932e-07
0.666667 89.111111 8000.000000 -3.31694987908507e-07
0.777778 89.111111 8000.000000 -3.31923735728238e-07
0.888889 89.111111 8000.000000 -3.31829731234974e-07
1.000000 89.111111 8000.000000 -3.32026582605261e-07
0.000000 89.222222 8000.000000 -3.301317110751e-07
0.111111 89.222222 8000.000000 -3.30278433987725e-07
0.222222 89.222222 8000.000000 -3.30096893597741e-07
0.333333 89.222222 8000.000000 -3.30233945335193e-07
0.444444 89.222222 8000.000000 -3.30154693877104e-07
0.555556 89.222222 8000.000000 -3.30154693859418e-07
0.666667 89.222222 8000.000000 -3.30233945340657e-07
0.777778 89.222222 8000.000000 -3.30096893621595e-07
0.888889 89.222222 8000.000000 -3.30278433968213e-07
1.000000 89.222222 8000.000000 -3.30131711040786e-07
0.000000 89.333333 8000.000000 -3.29204010817716e-07
0.111111 89.333333 8000.000000 -3.2910788406851e-07
0.222222 89.333333 8000.000000 -3.29141308160347e-07
0.333333 89.333333 8000.000000 -3.29198853700803e-07
0.444444 89.333333 8000.000000 -3.29216273158425e-07
0.555556 89.333333 8000.000000 -3.29216273226185e-07
0.666667 89.333333 8000.000000 -3.29198853791797e-07
0.777778 89.333333 8000.000000 -3.29141308220503e-07
0.888889 89.333333 8000.000000 -3.29107884083344e-07
1.000000 89.333333 8000.000000 -3.29204010796939e-07
0.000000 89.444444 8000.000000 -3.28365046975965e-07
0.111111 89.444444 8000.000000 -3.28175738216278e-07
0.222222 89.444444 8000.000000 -3.28222724620643e-07
0.333333 89.444444 8000.000000 -3.28119130826915e-07
0.444444 89.444444 8000.000000 -3.28354720710697e-07
0.555556 89.444444 8000.000000 -3.2835472057764e-07
0.666667 89.444444 8000.000000 -3.28119130846278e-07
0.777778 89.444444 8000.000000 -3.28222724604687e-07
0.888889 89.444444 8000.000000 -3.2817573833916e-07
1.000000 89.444444 8000.000000 -3.28365046946762e-07
0.000000 89.555556 8000.000000 -3.31354323596095e-07
0.111111 89.555556 8000.000000 -3.31031925955792e-07
0.222222 89.555556 8000.000000 -3.31063538463433e-07
0.333333 89.555556 8000.000000 -3.3109570368234e-07
0.444444 89.555556 8000.000000 -3.31377715274178e-07
0.555556 89.555556 8000.000000 -3.31377711761164e-07
0.666667 89.555556 8000.000000 -3.31095703775296e-07
0.777778 89.555556 8000.000000 -3.31063538493713e-07
0.888889 89.555556 8000.000000 -3.310319259225e-07
1.000000 89.555556 8000.000000 -3.31354323602981e-07
0.000000 89.666667 8000.000000 -3.28937253127455e-07
0.111111 89.666667 8000.000000 -3.29044510955208e-07
0.222222 89.666667 8000.000000 -3.29010624387509e-07
0.333333 89.666667 8000.000000 -3.2906866781575e-07
0.444444 89.666667 8000.000000 -3.28993000942013e-07
0.555556 89.666667 8000.000000 -3.2899300097026e-07
0.666667 89.666667 8000.000000 -3.29068667810797e-07
0.777778 89.666667 8000.000000 -3.2901062439883e-07
0.888889 89.666667 8000.000000 -3.29044510875985e-07
1.000000 89.666667 8000.000000 -3.28937253167979e-07
0.000000 89.777778 8000.000000 -3.32883961760922e-07
0.111111 89.777778 8000.000000 -3.32693748880264e-07
0.222222 89.777778 8000.000000 -3.32667619716537e-07
0.333333 89.777778 8000.000000 -3.32671361717431e-07
0.444444 89.777778 8000.000000 -3.32672204720695e-07
0.555556 89.777778 8000.000000 -3.32672204670177e-07
0.666667 89.777778 8000.000000 -3.32671361774827e-07
0.777778 89.777778 8000.000000 -3.32667619692165e-07
0.888889 89.777778 8000.000000 -3.3269374885869e-07
1.000000 89.777778 8000.000000 -3.3288396179247e-07
0.000000 89.888889 8000.000000 -3.301739283098e-07
0.111111 89.888889 8000.000000 -3.30189921589664e-07
0.222222 89.888889 8000.000000 -3.30156771033771e-07
0.333333 89.888889 8000.000000 -3.3016463887105e-07
0.444444 89.888889 8000.000000 -3.30125714738691e-07
0.555556 89.888889 8000.000000 -3.30125714783512e-07
0.666667 89.888889 8000.000000 -3.30164638826607e-07
0.777778 89.888889 8000.000000 -3.30156771047415e-07
0.888889 89.888889 8000.000000 -3.30189921613199e-07
1.000000 89.888889 8000.000000 -3.30173928337126e-07
0.000000 90.000000 8000.000000 -3.2325426797142e-07
0.111111 90.000000 8000.000000 -3.2325426797142e-07
0.222222 90.000000 8000.000000 -3.2325426797142e-07
0.333333 90.000000 8000.000000 -3.2325426797142e-07
0.444444 90.000000 8000.000000 -3.2325426797142e-07
0.555556 90.000000 8000.000000 -3.2325426797142e-07
0.666667 90.000000 8000.000000 -3.2325426797142e-07
0.777778 90.000000 8000.000000 -3.2325426797142e-07
0.888889 90.000000 8000.000000 -3.2325426797142e-07
1.000000 90.000000 8000.000000 -3.2325426797142e-07
