# gzzz component calculated with tessgzzz 2017:
#   local time: Sun Mar 11 03:10:26 2018
#   model file: tesseroid_vs_spherical_shell_files/model-size1.0.tess (64800 tesseroids)
#   GLQ order: 2 lon / 2 lat / 2 r
#   Use recursive division of tesseroids: True
#   Distance-size ratio for recusive division: 50
0.000000 89.000000 10000.000000 -3.28199393492528e-07
0.111111 89.000000 10000.000000 -3.28199244807995e-07
0.222222 89.000000 10000.000000 -3.28199156632792e-07
0.333333 89.000000 10000.000000 -3.28199089812619e-07
0.444444 89.000000 10000.000000 -3.28199195468427e-07
0.555556 89.000000 10000.000000 -3.28199195354865e-07
0.666667 89.000000 10000.000000 -3.28199089821233e-07
0.777778 89.000000 10000.000000 -3.28199156592619e-07
0.888889 89.000000 10000.000000 -3.28199244808696e-07
1.000000 89.000000 10000.000000 -3.28199393459647e-07
0.000000 89.111111 10000.000000 -3.282275165819e-07
0.111111 89.111111 10000.000000 -3.28227274192356e-07
0.222222 89.111111 10000.000000 -3.28227159897842e-07
0.333333 89.111111 10000.000000 -3.28227223528981e-07
0.444444 89.111111 10000.000000 -3.28227122951024e-07
0.555556 89.111111 10000.000000 -3.2822712302245e-07
0.666667 89.111111 10000.000000 -3.2822722345322e-07
0.777778 89.111111 10000.000000 -3.28227159802366e-07
0.888889 89.111111 10000.000000 -3.28227274150798e-07
1.000000 89.111111 10000.000000 -3.2822751657062e-07
0.000000 89.222222 10000.000000 -3.28215514808354e-07
0.111111 89.222222 10000.000000 -3.28215434886206e-07
0.222222 89.222222 10000.000000 -3.28215299093687e-07
0.333333 89.222222 10000.000000 -3.28215392794003e-07
0.444444 89.222222 10000.000000 -3.28215380769039e-07
0.555556 89.222222 10000.000000 -3.28215380641235e-07
0.666667 89.222222 10000.000000 -3.28215392777354e-07
0.777778 89.222222 10000.000000 -3.28215298880368e-07
0.888889 89.222222 10000.000000 -3.28215434767332e-07
1.000000 89.222222 10000.000000 -3.2821551477148e-07
0.000000 89.333333 10000.000000 -3.28202894040628e-07
0.111111 89.333333 10000.000000 -3.28202994019655e-07
0.222222 89.333333 10000.000000 -3.28203072980406e-07
0.333333 89.333333 10000.000000 -3.28203084455701e-07
0.444444 89.333333 10000.000000 -3.28202989585567e-07
0.555556 89.333333 10000.000000 -3.28202989569823e-07
0.666667 89.333333 10000.000000 -3.28203084299228e-07
0.777778 89.333333 10000.000000 -3.28203072887932e-07
0.888889 89.333333 10000.000000 -3.2820299392e-07
1.000000 89.333333 10000.000000 -3.28202893977185e-07
0.000000 89.444444 10000.000000 -3.28192254813583e-07
0.111111 89.444444 10000.000000 -3.28192219794432e-07
0.222222 89.444444 10000.000000 -3.28192176070254e-07
0.333333 89.444444 10000.000000 -3.2819213518707e-07
0.444444 89.444444 10000.000000 -3.28192051002391e-07
0.555556 89.444444 10000.000000 -3.28192051074487e-07
0.666667 89.444444 10000.000000 -3.2819213517178e-07
0.777778 89.444444 10000.000000 -3.28192175956494e-07
0.888889 89.444444 10000.000000 -3.28192219766736e-07
1.000000 89.444444 10000.000000 -3.28192254788351e-07
0.000000 89.555556 10000.000000 -3.28209502282781e-07
0.111111 89.555556 10000.000000 -3.28209585237311e-07
0.222222 89.555556 10000.000000 -3.28209623562791e-07
0.333333 89.555556 10000.000000 -3.28209651378998e-07
0.444444 89.555556 10000.000000 -3.28209673224582e-07
0.555556 89.555556 10000.000000 -3.28209673239331e-07
0.666667 89.555556 10000.000000 -3.28209651508401e-07
0.777778 89.555556 10000.000000 -3.28209623515683e-07
0.888889 89.555556 10000.000000 -3.28209585105153e-07
1.000000 89.555556 10000.000000 -3.28209502276286e-07
0.000000 89.666667 10000.000000 -3.28205198143916e-07
0.111111 89.666667 10000.000000 -3.28204943868755e-07
0.222222 89.666667 10000.000000 -3.28204966825775e-07
0.333333 89.666667 10000.000000 -3.28205044601561e-07
0.444444 89.666667 10000.000000 -3.28205233098179e-07
0.555556 89.666667 10000.000000 -3.28205233055089e-07
0.666667 89.666667 10000.000000 -3.28205044604374e-07
0.777778 89.666667 10000.000000 -3.28204966867545e-07
0.888889 89.666667 10000.000000 -3.28204943834554e-07
1.000000 89.666667 10000.000000 -3.2820519809779e-07
0.000000 89.777778 10000.000000 -3.28193328355501e-07
0.111111 89.777778 10000.000000 -3.28193703745535e-07
0.222222 89.777778 10000.000000 -3.28193608946109e-07
0.333333 89.777778 10000.000000 -3.28193660120191e-07
0.444444 89.777778 10000.000000 -3.28193298804774e-07
0.555556 89.777778 10000.000000 -3.28193298759048e-07
0.666667 89.777778 10000.000000 -3.28193660094512e-07
0.777778 89.777778 10000.000000 -3.28193608883871e-07
0.888889 89.777778 10000.000000 -3.2819370381441e-07
1.000000 89.777778 10000.000000 -3.28193328327223e-07
0.000000 89.888889 10000.000000 -3.28203039280012e-07
0.111111 89.888889 10000.000000 -3.28203044176747e-07
0.222222 89.888889 10000.000000 -3.2820301037447e-07
0.333333 89.888889 10000.000000 -3.28203022500955e-07
0.444444 89.888889 10000.000000 -3.28203019206967e-07
0.555556 89.888889 10000.000000 -3.2820301919769e-07
0.666667 89.888889 10000.000000 -3.28203022504718e-07
0.777778 89.888889 10000.000000 -3.28203010407585e-07
0.888889 89.888889 10000.000000 -3.2820304414508e-07
1.000000 89.888889 10000.000000 -3.28203039291648e-07
0.000000 90.000000 10000.000000 -3.28253642348937e-07
0.111111 90.000000 10000.000000 -3.28253642348937e-07
0.222222 90.000000 10000.000000 -3.28253642348937e-07
0.333333 90.000000 10000.000000 -3.28253642348937e-07
0.444444 90.000000 10000.000000 -3.28253642348937e-07
0.555556 90.000000 10000.000000 -3.28253642348937e-07
0.666667 90.000000 10000.000000 -3.28253642348937e-07
0.777778 90.000000 10000.000000 -3.28253642348937e-07
0.888889 90.000000 10000.000000 -3.28253642348937e-07
1.000000 90.000000 10000.000000 -3.28253642348937e-07
