# gzzz component calculated with tessgzzz 2017:
#   local time: Sun Mar 11 02:52:15 2018
#   model file: tesseroid_vs_spherical_shell_files/model-size1.0.tess (64800 tesseroids)
#   GLQ order: 2 lon / 2 lat / 2 r
#   Use recursive division of tesseroids: True
#   Distance-size ratio for recusive division: 5
0.000000 89.000000 6000.000000 3.22294083495919e-08
0.111111 89.000000 6000.000000 6.47027590867412e-08
0.222222 89.000000 6000.000000 1.10888532947953e-07
0.333333 89.000000 6000.000000 1.01229883014986e-07
0.444444 89.000000 6000.000000 2.85186529686704e-09
0.555556 89.000000 6000.000000 2.85186527848981e-09
0.666667 89.000000 6000.000000 1.01229882694984e-07
0.777778 89.000000 6000.000000 1.10888532938954e-07
0.888889 89.000000 6000.000000 6.47027591548833e-08
1.000000 89.000000 6000.000000 3.22294083463664e-08
0.000000 89.111111 6000.000000 9.63018631132652e-08
0.111111 89.111111 6000.000000 9.88286275850876e-08
0.222222 89.111111 6000.000000 2.04832795892912e-07
0.333333 89.111111 6000.000000 2.45785759823745e-07
0.444444 89.111111 6000.000000 3.60336919041704e-07
0.555556 89.111111 6000.000000 3.60336919030815e-07
0.666667 89.111111 6000.000000 2.45785759821387e-07
0.777778 89.111111 6000.000000 2.0483279590928e-07
0.888889 89.111111 6000.000000 9.88286275744963e-08
1.000000 89.111111 6000.000000 9.63018631000989e-08
0.000000 89.222222 6000.000000 5.53190501685802e-07
0.111111 89.222222 6000.000000 3.73901677726106e-07
0.222222 89.222222 6000.000000 3.57769987690015e-07
0.333333 89.222222 6000.000000 3.5573189186024e-07
0.444444 89.222222 6000.000000 3.79321101720782e-07
0.555556 89.222222 6000.000000 3.79321101736391e-07
0.666667 89.222222 6000.000000 3.55731891874091e-07
0.777778 89.222222 6000.000000 3.57769987720174e-07
0.888889 89.222222 6000.000000 3.73901677733395e-07
1.000000 89.222222 6000.000000 5.53190501670074e-07
0.000000 89.333333 6000.000000 -1.38603206248249e-10
0.111111 89.333333 6000.000000 -1.80472388469755e-08
0.222222 89.333333 6000.000000 -4.89915491614159e-08
0.333333 89.333333 6000.000000 4.72959505175294e-08
0.444444 89.333333 6000.000000 5.6748351988354e-08
0.555556 89.333333 6000.000000 5.67483519912411e-08
0.666667 89.333333 6000.000000 4.72959503798158e-08
0.777778 89.333333 6000.000000 -4.89915491469882e-08
0.888889 89.333333 6000.000000 -1.80472388353093e-08
1.000000 89.333333 6000.000000 -1.3860327131012e-10
0.000000 89.444444 6000.000000 2.83373508694542e-08
0.111111 89.444444 6000.000000 3.33159152980201e-08
0.222222 89.444444 6000.000000 3.53704903754068e-08
0.333333 89.444444 6000.000000 4.53597347800971e-08
0.444444 89.444444 6000.000000 5.04948665418716e-08
0.555556 89.444444 6000.000000 5.0494866544662e-08
0.666667 89.444444 6000.000000 4.53597348129699e-08
0.777778 89.444444 6000.000000 3.53704903803174e-08
0.888889 89.444444 6000.000000 3.33159152805874e-08
1.000000 89.444444 6000.000000 2.83373508624813e-08
0.000000 89.555556 6000.000000 2.87140144834606e-08
0.111111 89.555556 6000.000000 3.43704314424963e-08
0.222222 89.555556 6000.000000 4.21945145892739e-08
0.333333 89.555556 6000.000000 4.5626250045555e-08
0.444444 89.555556 6000.000000 4.82729855366394e-08
0.555556 89.555556 6000.000000 4.82729855517852e-08
0.666667 89.555556 6000.000000 4.56262500633959e-08
0.777778 89.555556 6000.000000 4.21945145617772e-08
0.888889 89.555556 6000.000000 3.43704314367283e-08
1.000000 89.555556 6000.000000 2.87140144800081e-08
0.000000 89.666667 6000.000000 -5.47822982527766e-08
0.111111 89.666667 6000.000000 -5.00481287292419e-08
0.222222 89.666667 6000.000000 -3.13097302782923e-08
0.333333 89.666667 6000.000000 -2.72725568213063e-08
0.444444 89.666667 6000.000000 -2.81729267510364e-08
0.555556 89.666667 6000.000000 -2.81729267528001e-08
0.666667 89.666667 6000.000000 -2.72725568270834e-08
0.777778 89.666667 6000.000000 -3.130973028271e-08
0.888889 89.666667 6000.000000 -5.00481286974581e-08
1.000000 89.666667 6000.000000 -5.47822982507001e-08
0.000000 89.777778 6000.000000 -7.36097703193281e-08
0.111111 89.777778 6000.000000 -7.93091288225067e-08
0.222222 89.777778 6000.000000 -7.80113190981745e-08
0.333333 89.777778 6000.000000 -7.97416727120174e-08
0.444444 89.777778 6000.000000 -7.5579233097797e-08
0.555556 89.777778 6000.000000 -7.55792331069881e-08
0.666667 89.777778 6000.000000 -7.97416727274543e-08
0.777778 89.777778 6000.000000 -7.80113191065214e-08
0.888889 89.777778 6000.000000 -7.93091288412269e-08
1.000000 89.777778 6000.000000 -7.36097703515059e-08
0.000000 89.888889 6000.000000 -4.69846371665319e-08
0.111111 89.888889 6000.000000 -5.30704091479995e-08
0.222222 89.888889 6000.000000 -5.10828480250487e-08
0.333333 89.888889 6000.000000 -5.10834822473979e-08
0.444444 89.888889 6000.000000 -5.60941034140198e-08
0.555556 89.888889 6000.000000 -5.6094103390305e-08
0.666667 89.888889 6000.000000 -5.10834822332346e-08
0.777778 89.888889 6000.000000 -5.10828480287643e-08
0.888889 89.888889 6000.000000 -5.30704091502398e-08
1.000000 89.888889 6000.000000 -4.69846371844778e-08
0.000000 90.000000 6000.000000 1.26228021149189e-06
0.111111 90.000000 6000.000000 1.26228021149189e-06
0.222222 90.000000 6000.000000 1.26228021149189e-06
0.333333 90.000000 6000.000000 1.26228021149189e-06
0.444444 90.000000 6000.000000 1.26228021149189e-06
0.555556 90.000000 6000.000000 1.26228021149189e-06
0.666667 90.000000 6000.000000 1.26228021149189e-06
0.777778 90.000000 6000.000000 1.26228021149189e-06
0.888889 90.000000 6000.000000 1.26228021149189e-06
1.000000 90.000000 6000.000000 1.26228021149189e-06
