# gzzz component calculated with tessgzzz 2017:
#   local time: Sun Mar 11 03:14:58 2018
#   model file: tesseroid_vs_spherical_shell_files/model-size1.0.tess (64800 tesseroids)
#   GLQ order: 2 lon / 2 lat / 2 r
#   Use recursive division of tesseroids: True
#   Distance-size ratio for recusive division: 22.5
0.000000 89.000000 150000.000000 -3.00951295056031e-07
0.111111 89.000000 150000.000000 -3.00951326863744e-07
0.222222 89.000000 150000.000000 -3.00951334559585e-07
0.333333 89.000000 150000.000000 -3.00951342931756e-07
0.444444 89.000000 150000.000000 -3.00951349505441e-07
0.555556 89.000000 150000.000000 -3.0095134950532e-07
0.666667 89.000000 150000.000000 -3.00951342931555e-07
0.777778 89.000000 150000.000000 -3.00951334559518e-07
0.888889 89.000000 150000.000000 -3.00951326863915e-07
1.000000 89.000000 150000.000000 -3.00951295056098e-07
0.000000 89.111111 150000.000000 -3.00951476055738e-07
0.111111 89.111111 150000.000000 -3.00951475688212e-07
0.222222 89.111111 150000.000000 -3.00951467090336e-07
0.333333 89.111111 150000.000000 -3.00951477119359e-07
0.444444 89.111111 150000.000000 -3.00951471388023e-07
0.555556 89.111111 150000.000000 -3.00951471387928e-07
0.666667 89.111111 150000.000000 -3.00951477119475e-07
0.777778 89.111111 150000.000000 -3.00951467090424e-07
0.888889 89.111111 150000.000000 -3.00951475688141e-07
1.000000 89.111111 150000.000000 -3.00951476055731e-07
0.000000 89.222222 150000.000000 -3.00951288496971e-07
0.111111 89.222222 150000.000000 -3.00951277812919e-07
0.222222 89.222222 150000.000000 -3.00951277129381e-07
0.333333 89.222222 150000.000000 -3.00951269835729e-07
0.444444 89.222222 150000.000000 -3.00951281104435e-07
0.555556 89.222222 150000.000000 -3.00951281104572e-07
0.666667 89.222222 150000.000000 -3.00951269835762e-07
0.777778 89.222222 150000.000000 -3.00951277129273e-07
0.888889 89.222222 150000.000000 -3.0095127781291e-07
1.000000 89.222222 150000.000000 -3.00951288496936e-07
0.000000 89.333333 150000.000000 -3.00950680710416e-07
0.111111 89.333333 150000.000000 -3.00950686526914e-07
0.222222 89.333333 150000.000000 -3.00950693092413e-07
0.333333 89.333333 150000.000000 -3.00950691072513e-07
0.444444 89.333333 150000.000000 -3.00950685373773e-07
0.555556 89.333333 150000.000000 -3.009506853738e-07
0.666667 89.333333 150000.000000 -3.00950691072421e-07
0.777778 89.333333 150000.000000 -3.0095069309243e-07
0.888889 89.333333 150000.000000 -3.00950686526886e-07
1.000000 89.333333 150000.000000 -3.00950680710398e-07
0.000000 89.444444 150000.000000 -3.00949505997975e-07
0.111111 89.444444 150000.000000 -3.00949509154249e-07
0.222222 89.444444 150000.000000 -3.00949506768326e-07
0.333333 89.444444 150000.000000 -3.00949497757476e-07
0.444444 89.444444 150000.000000 -3.00949487301059e-07
0.555556 89.444444 150000.000000 -3.00949487301121e-07
0.666667 89.444444 150000.000000 -3.00949497757453e-07
0.777778 89.444444 150000.000000 -3.00949506768238e-07
0.888889 89.444444 150000.000000 -3.0094950915413e-07
1.000000 89.444444 150000.000000 -3.00949505997988e-07
0.000000 89.555556 150000.000000 -3.00948009688512e-07
0.111111 89.555556 150000.000000 -3.0094801316125e-07
0.222222 89.555556 150000.000000 -3.00948006488596e-07
0.333333 89.555556 150000.000000 -3.00948008178785e-07
0.444444 89.555556 150000.000000 -3.00948001010294e-07
0.555556 89.555556 150000.000000 -3.0094800101031e-07
0.666667 89.555556 150000.000000 -3.00948008178608e-07
0.777778 89.555556 150000.000000 -3.00948006488718e-07
0.888889 89.555556 150000.000000 -3.00948013161329e-07
1.000000 89.555556 150000.000000 -3.00948009688499e-07
0.000000 89.666667 150000.000000 -3.00948575775503e-07
0.111111 89.666667 150000.000000 -3.00948574149002e-07
0.222222 89.666667 150000.000000 -3.00948571018933e-07
0.333333 89.666667 150000.000000 -3.00948575735758e-07
0.444444 89.666667 150000.000000 -3.0094859282814e-07
0.555556 89.666667 150000.000000 -3.00948592828107e-07
0.666667 89.666667 150000.000000 -3.0094857573572e-07
0.777778 89.666667 150000.000000 -3.0094857101901e-07
0.888889 89.666667 150000.000000 -3.00948574148995e-07
1.000000 89.666667 150000.000000 -3.00948575775505e-07
0.000000 89.777778 150000.000000 -3.00949962933536e-07
0.111111 89.777778 150000.000000 -3.00949963865137e-07
0.222222 89.777778 150000.000000 -3.00949958655059e-07
0.333333 89.777778 150000.000000 -3.00949949411314e-07
0.444444 89.777778 150000.000000 -3.00949943417887e-07
0.555556 89.777778 150000.000000 -3.00949943417976e-07
0.666667 89.777778 150000.000000 -3.00949949411181e-07
0.777778 89.777778 150000.000000 -3.00949958655099e-07
0.888889 89.777778 150000.000000 -3.00949963865023e-07
1.000000 89.777778 150000.000000 -3.00949962933518e-07
0.000000 89.888889 150000.000000 -3.00950651115252e-07
0.111111 89.888889 150000.000000 -3.00950646240038e-07
0.222222 89.888889 150000.000000 -3.00950640810764e-07
0.333333 89.888889 150000.000000 -3.00950636635797e-07
0.444444 89.888889 150000.000000 -3.00950636638632e-07
0.555556 89.888889 150000.000000 -3.0095063663869e-07
0.666667 89.888889 150000.000000 -3.00950636635792e-07
0.777778 89.888889 150000.000000 -3.00950640810842e-07
0.888889 89.888889 150000.000000 -3.00950646240089e-07
1.000000 89.888889 150000.000000 -3.00950651115239e-07
0.000000 90.000000 150000.000000 -3.00951596189398e-07
0.111111 90.000000 150000.000000 -3.00951596189398e-07
0.222222 90.000000 150000.000000 -3.00951596189398e-07
0.333333 90.000000 150000.000000 -3.00951596189398e-07
0.444444 90.000000 150000.000000 -3.00951596189398e-07
0.555556 90.000000 150000.000000 -3.00951596189398e-07
0.666667 90.000000 150000.000000 -3.00951596189398e-07
0.777778 90.000000 150000.000000 -3.00951596189398e-07
0.888889 90.000000 150000.000000 -3.00951596189398e-07
1.000000 90.000000 150000.000000 -3.00951596189398e-07
