# gzzz component calculated with tessgzzz 2017:
#   local time: Sun Mar 11 02:43:09 2018
#   model file: tesseroid_vs_spherical_shell_files/model-size1.0.tess (64800 tesseroids)
#   GLQ order: 2 lon / 2 lat / 2 r
#   Use recursive division of tesseroids: True
#   Distance-size ratio for recusive division: 22.5
0.000000 89.000000 4000.000000 -3.24839965346206e-07
0.111111 89.000000 4000.000000 -3.24795200507644e-07
0.222222 89.000000 4000.000000 -3.24767395822877e-07
0.333333 89.000000 4000.000000 -3.24811984960209e-07
0.444444 89.000000 4000.000000 -3.24836009298361e-07
0.555556 89.000000 4000.000000 -3.24836010316455e-07
0.666667 89.000000 4000.000000 -3.2481198596343e-07
0.777778 89.000000 4000.000000 -3.24767396625231e-07
0.888889 89.000000 4000.000000 -3.24795202205403e-07
1.000000 89.000000 4000.000000 -3.24839965350997e-07
0.000000 89.111111 4000.000000 -3.24259006854786e-07
0.111111 89.111111 4000.000000 -3.24307200922394e-07
0.222222 89.111111 4000.000000 -3.24232609583598e-07
0.333333 89.111111 4000.000000 -3.24153711766766e-07
0.444444 89.111111 4000.000000 -3.24075267903496e-07
0.555556 89.111111 4000.000000 -3.24075267949342e-07
0.666667 89.111111 4000.000000 -3.24153711628478e-07
0.777778 89.111111 4000.000000 -3.2423260936043e-07
0.888889 89.111111 4000.000000 -3.24307200387421e-07
1.000000 89.111111 4000.000000 -3.24259007071499e-07
0.000000 89.222222 4000.000000 -3.24751212277337e-07
0.111111 89.222222 4000.000000 -3.24776183060091e-07
0.222222 89.222222 4000.000000 -3.24646367951339e-07
0.333333 89.222222 4000.000000 -3.24669632501274e-07
0.444444 89.222222 4000.000000 -3.24710012125181e-07
0.555556 89.222222 4000.000000 -3.24710012604043e-07
0.666667 89.222222 4000.000000 -3.24669632492519e-07
0.777778 89.222222 4000.000000 -3.24646368636126e-07
0.888889 89.222222 4000.000000 -3.24776182683478e-07
1.000000 89.222222 4000.000000 -3.24751211764393e-07
0.000000 89.333333 4000.000000 -3.28337242172546e-07
0.111111 89.333333 4000.000000 -3.2829024083433e-07
0.222222 89.333333 4000.000000 -3.283560196829e-07
0.333333 89.333333 4000.000000 -3.28298364849235e-07
0.444444 89.333333 4000.000000 -3.28274335673873e-07
0.555556 89.333333 4000.000000 -3.28274335470354e-07
0.666667 89.333333 4000.000000 -3.28298365794781e-07
0.777778 89.333333 4000.000000 -3.28356019818878e-07
0.888889 89.333333 4000.000000 -3.28290242269259e-07
1.000000 89.333333 4000.000000 -3.28337241706984e-07
0.000000 89.444444 4000.000000 -3.26646159798224e-07
0.111111 89.444444 4000.000000 -3.26734396552788e-07
0.222222 89.444444 4000.000000 -3.26675700485961e-07
0.333333 89.444444 4000.000000 -3.26743263114259e-07
0.444444 89.444444 4000.000000 -3.26743707291066e-07
0.555556 89.444444 4000.000000 -3.26743707373881e-07
0.666667 89.444444 4000.000000 -3.2674326293005e-07
0.777778 89.444444 4000.000000 -3.26675700373878e-07
0.888889 89.444444 4000.000000 -3.26734396893016e-07
1.000000 89.444444 4000.000000 -3.26646159999829e-07
0.000000 89.555556 4000.000000 -3.25595659572836e-07
0.111111 89.555556 4000.000000 -3.25699444011949e-07
0.222222 89.555556 4000.000000 -3.25580880779651e-07
0.333333 89.555556 4000.000000 -3.25676387039926e-07
0.444444 89.555556 4000.000000 -3.25597964149219e-07
0.555556 89.555556 4000.000000 -3.25597964388619e-07
0.666667 89.555556 4000.000000 -3.25676388046629e-07
0.777778 89.555556 4000.000000 -3.2558088033502e-07
0.888889 89.555556 4000.000000 -3.25699440978978e-07
1.000000 89.555556 4000.000000 -3.2559565888048e-07
0.000000 89.666667 4000.000000 -3.28078393000995e-07
0.111111 89.666667 4000.000000 -3.27983435091898e-07
0.222222 89.666667 4000.000000 -3.28132220432061e-07
0.333333 89.666667 4000.000000 -3.28090473838769e-07
0.444444 89.666667 4000.000000 -3.28049183250671e-07
0.555556 89.666667 4000.000000 -3.28049183438838e-07
0.666667 89.666667 4000.000000 -3.2809047382757e-07
0.777778 89.666667 4000.000000 -3.28132220756151e-07
0.888889 89.666667 4000.000000 -3.27983435235362e-07
1.000000 89.666667 4000.000000 -3.28078393362631e-07
0.000000 89.777778 4000.000000 -3.23293639633515e-07
0.111111 89.777778 4000.000000 -3.23258581921628e-07
0.222222 89.777778 4000.000000 -3.2319966731679e-07
0.333333 89.777778 4000.000000 -3.23198579579189e-07
0.444444 89.777778 4000.000000 -3.23331404918323e-07
0.555556 89.777778 4000.000000 -3.23331404723998e-07
0.666667 89.777778 4000.000000 -3.2319857988692e-07
0.777778 89.777778 4000.000000 -3.23199668309565e-07
0.888889 89.777778 4000.000000 -3.2325858172447e-07
1.000000 89.777778 4000.000000 -3.23293639661095e-07
0.000000 89.888889 4000.000000 -3.23098794840642e-07
0.111111 89.888889 4000.000000 -3.23099425321717e-07
0.222222 89.888889 4000.000000 -3.23137023906582e-07
0.333333 89.888889 4000.000000 -3.23200649236423e-07
0.444444 89.888889 4000.000000 -3.23238146048516e-07
0.555556 89.888889 4000.000000 -3.23238146117202e-07
0.666667 89.888889 4000.000000 -3.23200649058094e-07
0.777778 89.888889 4000.000000 -3.23137023998322e-07
0.888889 89.888889 4000.000000 -3.23099425780434e-07
1.000000 89.888889 4000.000000 -3.23098795134448e-07
0.000000 90.000000 4000.000000 -3.24664492253055e-07
0.111111 90.000000 4000.000000 -3.24664492253055e-07
0.222222 90.000000 4000.000000 -3.24664492253055e-07
0.333333 90.000000 4000.000000 -3.24664492253055e-07
0.444444 90.000000 4000.000000 -3.24664492253055e-07
0.555556 90.000000 4000.000000 -3.24664492253055e-07
0.666667 90.000000 4000.000000 -3.24664492253055e-07
0.777778 90.000000 4000.000000 -3.24664492253055e-07
0.888889 90.000000 4000.000000 -3.24664492253055e-07
1.000000 90.000000 4000.000000 -3.24664492253055e-07
