# gzzz component calculated with tessgzzz 2017:
#   local time: Sun Mar 11 03:14:15 2018
#   model file: tesseroid_vs_spherical_shell_files/model-size1.0.tess (64800 tesseroids)
#   GLQ order: 2 lon / 2 lat / 2 r
#   Use recursive division of tesseroids: True
#   Distance-size ratio for recusive division: 2.5
0.000000 89.000000 150000.000000 -2.98551677964816e-07
0.111111 89.000000 150000.000000 -2.98501581791013e-07
0.222222 89.000000 150000.000000 -2.98501801174572e-07
0.333333 89.000000 150000.000000 -2.98501947430544e-07
0.444444 89.000000 150000.000000 -2.98502020557941e-07
0.555556 89.000000 150000.000000 -2.98502020557885e-07
0.666667 89.000000 150000.000000 -2.98501947430499e-07
0.777778 89.000000 150000.000000 -2.98501801174572e-07
0.888889 89.000000 150000.000000 -2.98501581790956e-07
1.000000 89.000000 150000.000000 -2.98551677964817e-07
0.000000 89.111111 150000.000000 -2.98847161318736e-07
0.111111 89.111111 150000.000000 -2.98847118050519e-07
0.222222 89.111111 150000.000000 -2.98793670988349e-07
0.333333 89.111111 150000.000000 -2.98793849426186e-07
0.444444 89.111111 150000.000000 -2.98793938648392e-07
0.555556 89.111111 150000.000000 -2.98793938648312e-07
0.666667 89.111111 150000.000000 -2.98793849426119e-07
0.777778 89.111111 150000.000000 -2.98793670988385e-07
0.888889 89.111111 150000.000000 -2.98847118050474e-07
1.000000 89.111111 150000.000000 -2.9884716131874e-07
0.000000 89.222222 150000.000000 -2.97658691181837e-07
0.111111 89.222222 150000.000000 -2.9765864389725e-07
0.222222 89.222222 150000.000000 -2.97658502043631e-07
0.333333 89.222222 150000.000000 -2.97534411407124e-07
0.444444 89.222222 150000.000000 -2.97534507592524e-07
0.555556 89.222222 150000.000000 -2.97534507592387e-07
0.666667 89.222222 150000.000000 -2.97534411407115e-07
0.777778 89.222222 150000.000000 -2.97658502043706e-07
0.888889 89.222222 150000.000000 -2.97658643897257e-07
1.000000 89.222222 150000.000000 -2.97658691181827e-07
0.000000 89.333333 150000.000000 -2.953249788154e-07
0.111111 89.333333 150000.000000 -2.95324933083838e-07
0.222222 89.333333 150000.000000 -2.95282097363508e-07
0.333333 89.333333 150000.000000 -2.95382140042973e-07
0.444444 89.333333 150000.000000 -2.95382230315297e-07
0.555556 89.333333 150000.000000 -2.95382230315277e-07
0.666667 89.333333 150000.000000 -2.95382140042927e-07
0.777778 89.333333 150000.000000 -2.95282097363518e-07
0.888889 89.333333 150000.000000 -2.95324933083832e-07
1.000000 89.333333 150000.000000 -2.95324978815402e-07
0.000000 89.444444 150000.000000 -2.92648490673981e-07
0.111111 89.444444 150000.000000 -2.92648455386343e-07
0.222222 89.444444 150000.000000 -2.92648349527344e-07
0.333333 89.444444 150000.000000 -2.9275769096561e-07
0.444444 89.444444 150000.000000 -2.92757761225087e-07
0.555556 89.444444 150000.000000 -2.92757761225121e-07
0.666667 89.444444 150000.000000 -2.92757690965606e-07
0.777778 89.444444 150000.000000 -2.92648349527257e-07
0.888889 89.444444 150000.000000 -2.92648455386281e-07
1.000000 89.444444 150000.000000 -2.92648490673983e-07
0.000000 89.555556 150000.000000 -2.8125221523941e-07
0.111111 89.555556 150000.000000 -2.81252198580727e-07
0.222222 89.555556 150000.000000 -2.8125214860082e-07
0.333333 89.555556 150000.000000 -2.81252065303325e-07
0.444444 89.555556 150000.000000 -2.81251948688331e-07
0.555556 89.555556 150000.000000 -2.81251948688277e-07
0.666667 89.555556 150000.000000 -2.81252065303238e-07
0.777778 89.555556 150000.000000 -2.81252148600765e-07
0.888889 89.555556 150000.000000 -2.8125219858074e-07
1.000000 89.555556 150000.000000 -2.81252215239409e-07
0.000000 89.666667 150000.000000 -2.66115003275764e-07
0.111111 89.666667 150000.000000 -2.66115003277561e-07
0.222222 89.666667 150000.000000 -2.66115003277773e-07
0.333333 89.666667 150000.000000 -2.66115003277786e-07
0.444444 89.666667 150000.000000 -2.6611500327838e-07
0.555556 89.666667 150000.000000 -2.66115003278414e-07
0.666667 89.666667 150000.000000 -2.66115003277802e-07
0.777778 89.666667 150000.000000 -2.66115003277858e-07
0.888889 89.666667 150000.000000 -2.66115003277521e-07
1.000000 89.666667 150000.000000 -2.66115003275754e-07
0.000000 89.777778 150000.000000 -2.52326742420087e-07
0.111111 89.777778 150000.000000 -2.5232674242055e-07
0.222222 89.777778 150000.000000 -2.52326742421839e-07
0.333333 89.777778 150000.000000 -2.52326742421194e-07
0.444444 89.777778 150000.000000 -2.5232674242199e-07
0.555556 89.777778 150000.000000 -2.52326742422025e-07
0.666667 89.777778 150000.000000 -2.52326742421192e-07
0.777778 89.777778 150000.000000 -2.52326742421828e-07
0.888889 89.777778 150000.000000 -2.52326742420552e-07
1.000000 89.777778 150000.000000 -2.52326742420079e-07
0.000000 89.888889 150000.000000 -2.40363368465765e-07
0.111111 89.888889 150000.000000 -2.40363368464439e-07
0.222222 89.888889 150000.000000 -2.40363368465561e-07
0.333333 89.888889 150000.000000 -2.403633684643e-07
0.444444 89.888889 150000.000000 -2.40363368464729e-07
0.555556 89.888889 150000.000000 -2.40363368464721e-07
0.666667 89.888889 150000.000000 -2.40363368464256e-07
0.777778 89.888889 150000.000000 -2.40363368465584e-07
0.888889 89.888889 150000.000000 -2.40363368464434e-07
1.000000 89.888889 150000.000000 -2.40363368465757e-07
0.000000 90.000000 150000.000000 -2.3562308055266e-07
0.111111 90.000000 150000.000000 -2.3562308055266e-07
0.222222 90.000000 150000.000000 -2.3562308055266e-07
0.333333 90.000000 150000.000000 -2.3562308055266e-07
0.444444 90.000000 150000.000000 -2.3562308055266e-07
0.555556 90.000000 150000.000000 -2.3562308055266e-07
0.666667 90.000000 150000.000000 -2.3562308055266e-07
0.777778 90.000000 150000.000000 -2.3562308055266e-07
0.888889 90.000000 150000.000000 -2.3562308055266e-07
1.000000 90.000000 150000.000000 -2.3562308055266e-07
