# gzzz component calculated with tessgzzz 2017:
#   local time: Sun Mar 11 02:45:01 2018
#   model file: tesseroid_vs_spherical_shell_files/model-size1.0.tess (64800 tesseroids)
#   GLQ order: 2 lon / 2 lat / 2 r
#   Use recursive division of tesseroids: True
#   Distance-size ratio for recusive division: 35
0.000000 89.000000 4000.000000 -3.29548321264198e-07
0.111111 89.000000 4000.000000 -3.29538951032436e-07
0.222222 89.000000 4000.000000 -3.29533919690889e-07
0.333333 89.000000 4000.000000 -3.29533893867232e-07
0.444444 89.000000 4000.000000 -3.29547888285133e-07
0.555556 89.000000 4000.000000 -3.29547888596676e-07
0.666667 89.000000 4000.000000 -3.29533893870199e-07
0.777778 89.000000 4000.000000 -3.29533917234464e-07
0.888889 89.000000 4000.000000 -3.29538957023317e-07
1.000000 89.000000 4000.000000 -3.2954832170781e-07
0.000000 89.111111 4000.000000 -3.29890934925493e-07
0.111111 89.111111 4000.000000 -3.29877597130437e-07
0.222222 89.111111 4000.000000 -3.29882933708972e-07
0.333333 89.111111 4000.000000 -3.29877644922166e-07
0.444444 89.111111 4000.000000 -3.29884114906181e-07
0.555556 89.111111 4000.000000 -3.29884114070845e-07
0.666667 89.111111 4000.000000 -3.29877650075201e-07
0.777778 89.111111 4000.000000 -3.29882933973602e-07
0.888889 89.111111 4000.000000 -3.29877595088912e-07
1.000000 89.111111 4000.000000 -3.29890935084467e-07
0.000000 89.222222 4000.000000 -3.29657930676862e-07
0.111111 89.222222 4000.000000 -3.29659761323484e-07
0.222222 89.222222 4000.000000 -3.29667836155521e-07
0.333333 89.222222 4000.000000 -3.29660308657123e-07
0.444444 89.222222 4000.000000 -3.29655598674706e-07
0.555556 89.222222 4000.000000 -3.29655599478981e-07
0.666667 89.222222 4000.000000 -3.29660309617599e-07
0.777778 89.222222 4000.000000 -3.29667836847991e-07
0.888889 89.222222 4000.000000 -3.29659761532232e-07
1.000000 89.222222 4000.000000 -3.29657932617373e-07
0.000000 89.333333 4000.000000 -3.29417916879543e-07
0.111111 89.333333 4000.000000 -3.29411465111544e-07
0.222222 89.333333 4000.000000 -3.29413083161975e-07
0.333333 89.333333 4000.000000 -3.2941173682556e-07
0.444444 89.333333 4000.000000 -3.29415102428319e-07
0.555556 89.333333 4000.000000 -3.29415101343411e-07
0.666667 89.333333 4000.000000 -3.29411737086511e-07
0.777778 89.333333 4000.000000 -3.29413082874651e-07
0.888889 89.333333 4000.000000 -3.29411464571731e-07
1.000000 89.333333 4000.000000 -3.29417916360629e-07
0.000000 89.444444 4000.000000 -3.29150984843232e-07
0.111111 89.444444 4000.000000 -3.29154814361018e-07
0.222222 89.444444 4000.000000 -3.29159378786594e-07
0.333333 89.444444 4000.000000 -3.29162087331504e-07
0.444444 89.444444 4000.000000 -3.29159581840677e-07
0.555556 89.444444 4000.000000 -3.29159581662868e-07
0.666667 89.444444 4000.000000 -3.29162087777981e-07
0.777778 89.444444 4000.000000 -3.29159378964132e-07
0.888889 89.444444 4000.000000 -3.29154814431206e-07
1.000000 89.444444 4000.000000 -3.29150983577778e-07
0.000000 89.555556 4000.000000 -3.29920591458927e-07
0.111111 89.555556 4000.000000 -3.29922883976822e-07
0.222222 89.555556 4000.000000 -3.29929181498824e-07
0.333333 89.555556 4000.000000 -3.29926596292641e-07
0.444444 89.555556 4000.000000 -3.29926525485698e-07
0.555556 89.555556 4000.000000 -3.29926524967519e-07
0.666667 89.555556 4000.000000 -3.2992659622971e-07
0.777778 89.555556 4000.000000 -3.29929179249981e-07
0.888889 89.555556 4000.000000 -3.29922881076756e-07
1.000000 89.555556 4000.000000 -3.29920591376884e-07
0.000000 89.666667 4000.000000 -3.29411270013131e-07
0.111111 89.666667 4000.000000 -3.29415107799704e-07
0.222222 89.666667 4000.000000 -3.29418534422113e-07
0.333333 89.666667 4000.000000 -3.29417981193357e-07
0.444444 89.666667 4000.000000 -3.29418501671444e-07
0.555556 89.666667 4000.000000 -3.29418501517482e-07
0.666667 89.666667 4000.000000 -3.29417980666315e-07
0.777778 89.666667 4000.000000 -3.29418534831737e-07
0.888889 89.666667 4000.000000 -3.29415107697812e-07
1.000000 89.666667 4000.000000 -3.29411270003034e-07
0.000000 89.777778 4000.000000 -3.29764872546063e-07
0.111111 89.777778 4000.000000 -3.29769811197975e-07
0.222222 89.777778 4000.000000 -3.29758091903361e-07
0.333333 89.777778 4000.000000 -3.29759076511808e-07
0.444444 89.777778 4000.000000 -3.2975947397231e-07
0.555556 89.777778 4000.000000 -3.29759474718423e-07
0.666667 89.777778 4000.000000 -3.29759076212011e-07
0.777778 89.777778 4000.000000 -3.29758091537378e-07
0.888889 89.777778 4000.000000 -3.29769811863842e-07
1.000000 89.777778 4000.000000 -3.29764872396332e-07
0.000000 89.888889 4000.000000 -3.29586487930225e-07
0.111111 89.888889 4000.000000 -3.29591157032886e-07
0.222222 89.888889 4000.000000 -3.29605544067815e-07
0.333333 89.888889 4000.000000 -3.29608429117988e-07
0.444444 89.888889 4000.000000 -3.29591427449731e-07
0.555556 89.888889 4000.000000 -3.29591426807053e-07
0.666667 89.888889 4000.000000 -3.29608429797385e-07
0.777778 89.888889 4000.000000 -3.29605543583696e-07
0.888889 89.888889 4000.000000 -3.29591157214715e-07
1.000000 89.888889 4000.000000 -3.29586488333199e-07
0.000000 90.000000 4000.000000 -3.28897870553184e-07
0.111111 90.000000 4000.000000 -3.28897870553184e-07
0.222222 90.000000 4000.000000 -3.28897870553184e-07
0.333333 90.000000 4000.000000 -3.28897870553184e-07
0.444444 90.000000 4000.000000 -3.28897870553184e-07
0.555556 90.000000 4000.000000 -3.28897870553184e-07
0.666667 90.000000 4000.000000 -3.28897870553184e-07
0.777778 90.000000 4000.000000 -3.28897870553184e-07
0.888889 90.000000 4000.000000 -3.28897870553184e-07
1.000000 90.000000 4000.000000 -3.28897870553184e-07
