# gzzz component calculated with tessgzzz 2017:
#   local time: Sun Mar 11 03:11:29 2018
#   model file: tesseroid_vs_spherical_shell_files/model-size1.0.tess (64800 tesseroids)
#   GLQ order: 2 lon / 2 lat / 2 r
#   Use recursive division of tesseroids: True
#   Distance-size ratio for recusive division: 12.5
0.000000 89.000000 50000.000000 -3.20054810925884e-07
0.111111 89.000000 50000.000000 -3.20054180524222e-07
0.222222 89.000000 50000.000000 -3.2005401442407e-07
0.333333 89.000000 50000.000000 -3.2005416317304e-07
0.444444 89.000000 50000.000000 -3.20053610157002e-07
0.555556 89.000000 50000.000000 -3.20053610155739e-07
0.666667 89.000000 50000.000000 -3.20054163172363e-07
0.777778 89.000000 50000.000000 -3.20054014423663e-07
0.888889 89.000000 50000.000000 -3.20054180525378e-07
1.000000 89.000000 50000.000000 -3.20054810925868e-07
0.000000 89.111111 50000.000000 -3.20054720806038e-07
0.111111 89.111111 50000.000000 -3.20055201958381e-07
0.222222 89.111111 50000.000000 -3.20054601778426e-07
0.333333 89.111111 50000.000000 -3.2005471138986e-07
0.444444 89.111111 50000.000000 -3.2005476241876e-07
0.555556 89.111111 50000.000000 -3.20054762417781e-07
0.666667 89.111111 50000.000000 -3.20054711389669e-07
0.777778 89.111111 50000.000000 -3.20054601778197e-07
0.888889 89.111111 50000.000000 -3.2005520195935e-07
1.000000 89.111111 50000.000000 -3.20054720806136e-07
0.000000 89.222222 50000.000000 -3.20070891304235e-07
0.111111 89.222222 50000.000000 -3.20070504766612e-07
0.222222 89.222222 50000.000000 -3.200699844492e-07
0.333333 89.222222 50000.000000 -3.20068941796081e-07
0.444444 89.222222 50000.000000 -3.20069069589494e-07
0.555556 89.222222 50000.000000 -3.20069069589559e-07
0.666667 89.222222 50000.000000 -3.20068941796581e-07
0.777778 89.222222 50000.000000 -3.20069984449551e-07
0.888889 89.222222 50000.000000 -3.20070504766383e-07
1.000000 89.222222 50000.000000 -3.20070891304321e-07
0.000000 89.333333 50000.000000 -3.20094121049603e-07
0.111111 89.333333 50000.000000 -3.20094216725262e-07
0.222222 89.333333 50000.000000 -3.20093670684653e-07
0.333333 89.333333 50000.000000 -3.20093665164166e-07
0.444444 89.333333 50000.000000 -3.20094806208823e-07
0.555556 89.333333 50000.000000 -3.20094806209065e-07
0.666667 89.333333 50000.000000 -3.20093665162602e-07
0.777778 89.333333 50000.000000 -3.20093670685276e-07
0.888889 89.333333 50000.000000 -3.20094216724729e-07
1.000000 89.333333 50000.000000 -3.20094121049492e-07
0.000000 89.444444 50000.000000 -3.20096163361742e-07
0.111111 89.444444 50000.000000 -3.20096066419341e-07
0.222222 89.444444 50000.000000 -3.20095831892358e-07
0.333333 89.444444 50000.000000 -3.20095706535742e-07
0.444444 89.444444 50000.000000 -3.20094596418755e-07
0.555556 89.444444 50000.000000 -3.20094596417634e-07
0.666667 89.444444 50000.000000 -3.20095706535904e-07
0.777778 89.444444 50000.000000 -3.20095831893202e-07
0.888889 89.444444 50000.000000 -3.20096066419442e-07
1.000000 89.444444 50000.000000 -3.20096163362017e-07
0.000000 89.555556 50000.000000 -3.20080246362865e-07
0.111111 89.555556 50000.000000 -3.20080538819289e-07
0.222222 89.555556 50000.000000 -3.2008049960474e-07
0.333333 89.555556 50000.000000 -3.20080243129277e-07
0.444444 89.555556 50000.000000 -3.20080159031419e-07
0.555556 89.555556 50000.000000 -3.20080159031206e-07
0.666667 89.555556 50000.000000 -3.20080243128305e-07
0.777778 89.555556 50000.000000 -3.20080499604833e-07
0.888889 89.555556 50000.000000 -3.20080538818293e-07
1.000000 89.555556 50000.000000 -3.20080246362688e-07
0.000000 89.666667 50000.000000 -3.20081507689955e-07
0.111111 89.666667 50000.000000 -3.2008159993906e-07
0.222222 89.666667 50000.000000 -3.20080793640295e-07
0.333333 89.666667 50000.000000 -3.20081034857842e-07
0.444444 89.666667 50000.000000 -3.20081307631212e-07
0.555556 89.666667 50000.000000 -3.20081307630901e-07
0.666667 89.666667 50000.000000 -3.20081034857313e-07
0.777778 89.666667 50000.000000 -3.20080793640259e-07
0.888889 89.666667 50000.000000 -3.20081599938868e-07
1.000000 89.666667 50000.000000 -3.20081507690097e-07
0.000000 89.777778 50000.000000 -3.20032413289788e-07
0.111111 89.777778 50000.000000 -3.20032520726713e-07
0.222222 89.777778 50000.000000 -3.20032778843677e-07
0.333333 89.777778 50000.000000 -3.20032780128656e-07
0.444444 89.777778 50000.000000 -3.20032464615822e-07
0.555556 89.777778 50000.000000 -3.20032464615961e-07
0.666667 89.777778 50000.000000 -3.20032780128218e-07
0.777778 89.777778 50000.000000 -3.20032778843633e-07
0.888889 89.777778 50000.000000 -3.2003252072653e-07
1.000000 89.777778 50000.000000 -3.20032413289907e-07
0.000000 89.888889 50000.000000 -3.19765313147478e-07
0.111111 89.888889 50000.000000 -3.19765310420186e-07
0.222222 89.888889 50000.000000 -3.19765027863403e-07
0.333333 89.888889 50000.000000 -3.19764481843553e-07
0.444444 89.888889 50000.000000 -3.19764482036178e-07
0.555556 89.888889 50000.000000 -3.19764482036438e-07
0.666667 89.888889 50000.000000 -3.19764481844301e-07
0.777778 89.888889 50000.000000 -3.19765027863894e-07
0.888889 89.888889 50000.000000 -3.19765310419377e-07
1.000000 89.888889 50000.000000 -3.19765313147403e-07
0.000000 90.000000 50000.000000 -3.19496299507497e-07
0.111111 90.000000 50000.000000 -3.19496299507497e-07
0.222222 90.000000 50000.000000 -3.19496299507497e-07
0.333333 90.000000 50000.000000 -3.19496299507497e-07
0.444444 90.000000 50000.000000 -3.19496299507497e-07
0.555556 90.000000 50000.000000 -3.19496299507497e-07
0.666667 90.000000 50000.000000 -3.19496299507497e-07
0.777778 90.000000 50000.000000 -3.19496299507497e-07
0.888889 90.000000 50000.000000 -3.19496299507497e-07
1.000000 90.000000 50000.000000 -3.19496299507497e-07
