# gzzz component calculated with tessgzzz 2017:
#   local time: Sun Mar 11 02:42:09 2018
#   model file: tesseroid_vs_spherical_shell_files/model-size1.0.tess (64800 tesseroids)
#   GLQ order: 2 lon / 2 lat / 2 r
#   Use recursive division of tesseroids: True
#   Distance-size ratio for recusive division: 5
0.000000 89.000000 4000.000000 2.85226981750958e-06
0.111111 89.000000 4000.000000 2.97775517286273e-06
0.222222 89.000000 4000.000000 2.99932285478989e-06
0.333333 89.000000 4000.000000 2.83343122470955e-06
0.444444 89.000000 4000.000000 2.63648114427022e-06
0.555556 89.000000 4000.000000 2.63648114426826e-06
0.666667 89.000000 4000.000000 2.83343122469097e-06
0.777778 89.000000 4000.000000 2.99932285484267e-06
0.888889 89.000000 4000.000000 2.97775517293032e-06
1.000000 89.000000 4000.000000 2.85226981745583e-06
0.000000 89.111111 4000.000000 8.27257990325769e-07
0.111111 89.111111 4000.000000 1.06514100543895e-06
0.222222 89.111111 4000.000000 1.10705818845425e-06
0.333333 89.111111 4000.000000 9.24954432250914e-07
0.444444 89.111111 4000.000000 1.66396430093076e-06
0.555556 89.111111 4000.000000 1.66396430093805e-06
0.666667 89.111111 4000.000000 9.24954432304296e-07
0.777778 89.111111 4000.000000 1.10705818838763e-06
0.888889 89.111111 4000.000000 1.06514100534211e-06
1.000000 89.111111 4000.000000 8.27257990269079e-07
0.000000 89.222222 4000.000000 -1.3647792702186e-07
0.111111 89.222222 4000.000000 6.01370723744641e-07
0.222222 89.222222 4000.000000 7.68383792089152e-07
0.333333 89.222222 4000.000000 6.16240293642852e-07
0.444444 89.222222 4000.000000 2.39675756505821e-07
0.555556 89.222222 4000.000000 2.39675756507447e-07
0.666667 89.222222 4000.000000 6.16240279795283e-07
0.777778 89.222222 4000.000000 7.68383792136626e-07
0.888889 89.222222 4000.000000 6.01370723798079e-07
1.000000 89.222222 4000.000000 -1.36477927073595e-07
0.000000 89.333333 4000.000000 1.67652746166055e-06
0.111111 89.333333 4000.000000 1.71962968831295e-06
0.222222 89.333333 4000.000000 1.52267201329369e-06
0.333333 89.333333 4000.000000 1.34172786750948e-06
0.444444 89.333333 4000.000000 1.38201647201426e-06
0.555556 89.333333 4000.000000 1.38201647200941e-06
0.666667 89.333333 4000.000000 1.34172786735221e-06
0.777778 89.333333 4000.000000 1.52267201328991e-06
0.888889 89.333333 4000.000000 1.71962968827527e-06
1.000000 89.333333 4000.000000 1.6765274616458e-06
0.000000 89.444444 4000.000000 1.68121370969878e-06
0.111111 89.444444 4000.000000 1.74939662370806e-06
0.222222 89.444444 4000.000000 1.75683710192257e-06
0.333333 89.444444 4000.000000 1.95872700691223e-06
0.444444 89.444444 4000.000000 1.86642821227397e-06
0.555556 89.444444 4000.000000 1.86642821224657e-06
0.666667 89.444444 4000.000000 1.95872700688582e-06
0.777778 89.444444 4000.000000 1.75683710186541e-06
0.888889 89.444444 4000.000000 1.74939662359498e-06
1.000000 89.444444 4000.000000 1.68121370965262e-06
0.000000 89.555556 4000.000000 2.24588302356886e-06
0.111111 89.555556 4000.000000 2.25566509275065e-06
0.222222 89.555556 4000.000000 1.64094968819172e-06
0.333333 89.555556 4000.000000 1.64118198030408e-06
0.444444 89.555556 4000.000000 1.29341232357608e-06
0.555556 89.555556 4000.000000 1.29341232349334e-06
0.666667 89.555556 4000.000000 1.64118198035499e-06
0.777778 89.555556 4000.000000 1.64094968820082e-06
0.888889 89.555556 4000.000000 2.25566509282427e-06
1.000000 89.555556 4000.000000 2.24588302344062e-06
0.000000 89.666667 4000.000000 1.53282985607645e-06
0.111111 89.666667 4000.000000 1.38512402398882e-06
0.222222 89.666667 4000.000000 1.31578276671948e-06
0.333333 89.666667 4000.000000 1.24620590465736e-06
0.444444 89.666667 4000.000000 6.09891809386616e-07
0.555556 89.666667 4000.000000 6.09891809335095e-07
0.666667 89.666667 4000.000000 1.24620590466507e-06
0.777778 89.666667 4000.000000 1.31578276671047e-06
0.888889 89.666667 4000.000000 1.38512402392692e-06
1.000000 89.666667 4000.000000 1.53282985612412e-06
0.000000 89.777778 4000.000000 1.44243024406723e-06
0.111111 89.777778 4000.000000 1.44392964605207e-06
0.222222 89.777778 4000.000000 1.28291344702849e-06
0.333333 89.777778 4000.000000 1.29291006644399e-06
0.444444 89.777778 4000.000000 1.32306959258013e-06
0.555556 89.777778 4000.000000 1.323069592534e-06
0.666667 89.777778 4000.000000 1.29291006651351e-06
0.777778 89.777778 4000.000000 1.28291344700149e-06
0.888889 89.777778 4000.000000 1.44392964227856e-06
1.000000 89.777778 4000.000000 1.44243024415955e-06
0.000000 89.888889 4000.000000 1.2028982158057e-06
0.111111 89.888889 4000.000000 1.1987231407327e-06
0.222222 89.888889 4000.000000 1.24202372094813e-06
0.333333 89.888889 4000.000000 1.23061719529722e-06
0.444444 89.888889 4000.000000 1.21121674037866e-06
0.555556 89.888889 4000.000000 1.21121674040173e-06
0.666667 89.888889 4000.000000 1.23061719528713e-06
0.777778 89.888889 4000.000000 1.24202372095545e-06
0.888889 89.888889 4000.000000 1.19872314074281e-06
1.000000 89.888889 4000.000000 1.20289821583196e-06
0.000000 90.000000 4000.000000 -2.79946046714188e-07
0.111111 90.000000 4000.000000 -2.79946046714188e-07
0.222222 90.000000 4000.000000 -2.79946046714188e-07
0.333333 90.000000 4000.000000 -2.79946046714188e-07
0.444444 90.000000 4000.000000 -2.79946046714188e-07
0.555556 90.000000 4000.000000 -2.79946046714188e-07
0.666667 90.000000 4000.000000 -2.79946046714188e-07
0.777778 90.000000 4000.000000 -2.79946046714188e-07
0.888889 90.000000 4000.000000 -2.79946046714188e-07
1.000000 90.000000 4000.000000 -2.79946046714188e-07
