# gzzz component calculated with tessgzzz 2017:
#   local time: Sun Mar 11 03:03:02 2018
#   model file: tesseroid_vs_spherical_shell_files/model-size1.0.tess (64800 tesseroids)
#   GLQ order: 2 lon / 2 lat / 2 r
#   Use recursive division of tesseroids: True
#   Distance-size ratio for recusive division: 42.5
0.000000 89.000000 8000.000000 -3.28525113246901e-07
0.111111 89.000000 8000.000000 -3.28525156810877e-07
0.222222 89.000000 8000.000000 -3.28525338846874e-07
0.333333 89.000000 8000.000000 -3.28525430860831e-07
0.444444 89.000000 8000.000000 -3.28525315291239e-07
0.555556 89.000000 8000.000000 -3.28525314819082e-07
0.666667 89.000000 8000.000000 -3.28525430865468e-07
0.777778 89.000000 8000.000000 -3.28525338785932e-07
0.888889 89.000000 8000.000000 -3.2852515701228e-07
1.000000 89.000000 8000.000000 -3.28525113191031e-07
0.000000 89.111111 8000.000000 -3.28564732095813e-07
0.111111 89.111111 8000.000000 -3.28565009449035e-07
0.222222 89.111111 8000.000000 -3.28564196936333e-07
0.333333 89.111111 8000.000000 -3.28564604858359e-07
0.444444 89.111111 8000.000000 -3.28564497254067e-07
0.555556 89.111111 8000.000000 -3.28564497345745e-07
0.666667 89.111111 8000.000000 -3.28564604775878e-07
0.777778 89.111111 8000.000000 -3.28564196713292e-07
0.888889 89.111111 8000.000000 -3.28565009343531e-07
1.000000 89.111111 8000.000000 -3.28564732127501e-07
0.000000 89.222222 8000.000000 -3.28621583552991e-07
0.111111 89.222222 8000.000000 -3.28620247616845e-07
0.222222 89.222222 8000.000000 -3.2862014263301e-07
0.333333 89.222222 8000.000000 -3.28619805098553e-07
0.444444 89.222222 8000.000000 -3.28620580980173e-07
0.555556 89.222222 8000.000000 -3.28620580825996e-07
0.666667 89.222222 8000.000000 -3.28619804936442e-07
0.777778 89.222222 8000.000000 -3.28620142473704e-07
0.888889 89.222222 8000.000000 -3.28620247369274e-07
1.000000 89.222222 8000.000000 -3.28621583505363e-07
0.000000 89.333333 8000.000000 -3.28573280502746e-07
0.111111 89.333333 8000.000000 -3.28574119819318e-07
0.222222 89.333333 8000.000000 -3.2857358648146e-07
0.333333 89.333333 8000.000000 -3.28573997497033e-07
0.444444 89.333333 8000.000000 -3.28573524348789e-07
0.555556 89.333333 8000.000000 -3.28573524483562e-07
0.666667 89.333333 8000.000000 -3.28573997260262e-07
0.777778 89.333333 8000.000000 -3.28573586432342e-07
0.888889 89.333333 8000.000000 -3.28574119644848e-07
1.000000 89.333333 8000.000000 -3.28573280468302e-07
0.000000 89.444444 8000.000000 -3.28522336160489e-07
0.111111 89.444444 8000.000000 -3.28522159748605e-07
0.222222 89.444444 8000.000000 -3.28522312288965e-07
0.333333 89.444444 8000.000000 -3.28521827689346e-07
0.444444 89.444444 8000.000000 -3.28522025518307e-07
0.555556 89.444444 8000.000000 -3.28522025365441e-07
0.666667 89.444444 8000.000000 -3.2852182763571e-07
0.777778 89.444444 8000.000000 -3.28522312098205e-07
0.888889 89.444444 8000.000000 -3.28522159643054e-07
1.000000 89.444444 8000.000000 -3.28522336226412e-07
0.000000 89.555556 8000.000000 -3.28534083812156e-07
0.111111 89.555556 8000.000000 -3.28532390000507e-07
0.222222 89.555556 8000.000000 -3.28533442497313e-07
0.333333 89.555556 8000.000000 -3.28532335199456e-07
0.444444 89.555556 8000.000000 -3.28532722841776e-07
0.555556 89.555556 8000.000000 -3.28532722821559e-07
0.666667 89.555556 8000.000000 -3.28532335437728e-07
0.777778 89.555556 8000.000000 -3.28533442278953e-07
0.888889 89.555556 8000.000000 -3.28532389558329e-07
1.000000 89.555556 8000.000000 -3.28534083799589e-07
0.000000 89.666667 8000.000000 -3.28576018150508e-07
0.111111 89.666667 8000.000000 -3.28575088559972e-07
0.222222 89.666667 8000.000000 -3.28574242065963e-07
0.333333 89.666667 8000.000000 -3.28574517024077e-07
0.444444 89.666667 8000.000000 -3.28575518730857e-07
0.555556 89.666667 8000.000000 -3.28575518761969e-07
0.666667 89.666667 8000.000000 -3.28574516959703e-07
0.777778 89.666667 8000.000000 -3.28574241837437e-07
0.888889 89.666667 8000.000000 -3.28575088495661e-07
1.000000 89.666667 8000.000000 -3.28576018168646e-07
0.000000 89.777778 8000.000000 -3.28520519390191e-07
0.111111 89.777778 8000.000000 -3.28520989424647e-07
0.222222 89.777778 8000.000000 -3.28520860441391e-07
0.333333 89.777778 8000.000000 -3.2852119815264e-07
0.444444 89.777778 8000.000000 -3.28520835809448e-07
0.555556 89.777778 8000.000000 -3.28520835634746e-07
0.666667 89.777778 8000.000000 -3.2852119803116e-07
0.777778 89.777778 8000.000000 -3.28520860314702e-07
0.888889 89.777778 8000.000000 -3.28520989382859e-07
1.000000 89.777778 8000.000000 -3.28520519364759e-07
0.000000 89.888889 8000.000000 -3.28513454677325e-07
0.111111 89.888889 8000.000000 -3.28513142448396e-07
0.222222 89.888889 8000.000000 -3.28512815650297e-07
0.333333 89.888889 8000.000000 -3.28513346204687e-07
0.444444 89.888889 8000.000000 -3.28512740212726e-07
0.555556 89.888889 8000.000000 -3.28512740306107e-07
0.666667 89.888889 8000.000000 -3.28513346101641e-07
0.777778 89.888889 8000.000000 -3.28512815655964e-07
0.888889 89.888889 8000.000000 -3.28513142571516e-07
1.000000 89.888889 8000.000000 -3.28513454701444e-07
0.000000 90.000000 8000.000000 -3.28667389420992e-07
0.111111 90.000000 8000.000000 -3.28667389420992e-07
0.222222 90.000000 8000.000000 -3.28667389420992e-07
0.333333 90.000000 8000.000000 -3.28667389420992e-07
0.444444 90.000000 8000.000000 -3.28667389420992e-07
0.555556 90.000000 8000.000000 -3.28667389420992e-07
0.666667 90.000000 8000.000000 -3.28667389420992e-07
0.777778 90.000000 8000.000000 -3.28667389420992e-07
0.888889 90.000000 8000.000000 -3.28667389420992e-07
1.000000 90.000000 8000.000000 -3.28667389420992e-07
