# gzzz component calculated with tessgzzz 2017:
#   local time: Sun Mar 11 02:46:23 2018
#   model file: tesseroid_vs_spherical_shell_files/model-size1.0.tess (64800 tesseroids)
#   GLQ order: 2 lon / 2 lat / 2 r
#   Use recursive division of tesseroids: True
#   Distance-size ratio for recusive division: 40
0.000000 89.000000 4000.000000 -3.28948272940138e-07
0.111111 89.000000 4000.000000 -3.2894725620574e-07
0.222222 89.000000 4000.000000 -3.28944529295582e-07
0.333333 89.000000 4000.000000 -3.28947069734689e-07
0.444444 89.000000 4000.000000 -3.28947644289114e-07
0.555556 89.000000 4000.000000 -3.28947644606256e-07
0.666667 89.000000 4000.000000 -3.28947069325936e-07
0.777778 89.000000 4000.000000 -3.28944526867975e-07
0.888889 89.000000 4000.000000 -3.28947257767052e-07
1.000000 89.000000 4000.000000 -3.28948273618835e-07
0.000000 89.111111 4000.000000 -3.29165799818803e-07
0.111111 89.111111 4000.000000 -3.29154349060896e-07
0.222222 89.111111 4000.000000 -3.29151202289245e-07
0.333333 89.111111 4000.000000 -3.29151798085728e-07
0.444444 89.111111 4000.000000 -3.29158313929597e-07
0.555556 89.111111 4000.000000 -3.29158313355806e-07
0.666667 89.111111 4000.000000 -3.29151806160084e-07
0.777778 89.111111 4000.000000 -3.29151203436568e-07
0.888889 89.111111 4000.000000 -3.29154348072312e-07
1.000000 89.111111 4000.000000 -3.29165801017602e-07
0.000000 89.222222 4000.000000 -3.29220768655034e-07
0.111111 89.222222 4000.000000 -3.2921114097742e-07
0.222222 89.222222 4000.000000 -3.29204359860744e-07
0.333333 89.222222 4000.000000 -3.29207510443609e-07
0.444444 89.222222 4000.000000 -3.29217180869826e-07
0.555556 89.222222 4000.000000 -3.2921718011416e-07
0.666667 89.222222 4000.000000 -3.29207517734494e-07
0.777778 89.222222 4000.000000 -3.29204360006296e-07
0.888889 89.222222 4000.000000 -3.29211140947912e-07
1.000000 89.222222 4000.000000 -3.2922077057487e-07
0.000000 89.333333 4000.000000 -3.29351744073305e-07
0.111111 89.333333 4000.000000 -3.29354098295754e-07
0.222222 89.333333 4000.000000 -3.29349400542753e-07
0.333333 89.333333 4000.000000 -3.29349241099013e-07
0.444444 89.333333 4000.000000 -3.29349731883885e-07
0.555556 89.333333 4000.000000 -3.29349729849967e-07
0.666667 89.333333 4000.000000 -3.29349240733481e-07
0.777778 89.333333 4000.000000 -3.29349400489612e-07
0.888889 89.333333 4000.000000 -3.29354096360107e-07
1.000000 89.333333 4000.000000 -3.29351742932561e-07
0.000000 89.444444 4000.000000 -3.28981173301105e-07
0.111111 89.444444 4000.000000 -3.28978411652509e-07
0.222222 89.444444 4000.000000 -3.2897868697565e-07
0.333333 89.444444 4000.000000 -3.28974597882913e-07
0.444444 89.444444 4000.000000 -3.28977140450723e-07
0.555556 89.444444 4000.000000 -3.28977142655228e-07
0.666667 89.444444 4000.000000 -3.28974597416927e-07
0.777778 89.444444 4000.000000 -3.28978687836481e-07
0.888889 89.444444 4000.000000 -3.28978411758099e-07
1.000000 89.444444 4000.000000 -3.28981173277322e-07
0.000000 89.555556 4000.000000 -3.29214050215636e-07
0.111111 89.555556 4000.000000 -3.29213156617093e-07
0.222222 89.555556 4000.000000 -3.29210319419672e-07
0.333333 89.555556 4000.000000 -3.292087858625e-07
0.444444 89.555556 4000.000000 -3.29209521649383e-07
0.555556 89.555556 4000.000000 -3.29209520651699e-07
0.666667 89.555556 4000.000000 -3.29208785799105e-07
0.777778 89.555556 4000.000000 -3.29210316885881e-07
0.888889 89.555556 4000.000000 -3.29213153910876e-07
1.000000 89.555556 4000.000000 -3.29214050760511e-07
0.000000 89.666667 4000.000000 -3.29345957035238e-07
0.111111 89.666667 4000.000000 -3.29343220149033e-07
0.222222 89.666667 4000.000000 -3.29342703567065e-07
0.333333 89.666667 4000.000000 -3.29338341532279e-07
0.444444 89.666667 4000.000000 -3.2934163822483e-07
0.555556 89.666667 4000.000000 -3.2934163825188e-07
0.666667 89.666667 4000.000000 -3.29338336571648e-07
0.777778 89.666667 4000.000000 -3.29342704627027e-07
0.888889 89.666667 4000.000000 -3.2934322035044e-07
1.000000 89.666667 4000.000000 -3.29345957664679e-07
0.000000 89.777778 4000.000000 -3.29050733151953e-07
0.111111 89.777778 4000.000000 -3.29036522334463e-07
0.222222 89.777778 4000.000000 -3.29048284492118e-07
0.333333 89.777778 4000.000000 -3.29038280086304e-07
0.444444 89.777778 4000.000000 -3.29048330446528e-07
0.555556 89.777778 4000.000000 -3.29048330672234e-07
0.666667 89.777778 4000.000000 -3.29038280094428e-07
0.777778 89.777778 4000.000000 -3.2904828382546e-07
0.888889 89.777778 4000.000000 -3.29036523109637e-07
1.000000 89.777778 4000.000000 -3.29050733193243e-07
0.000000 89.888889 4000.000000 -3.28825142599882e-07
0.111111 89.888889 4000.000000 -3.28816320463542e-07
0.222222 89.888889 4000.000000 -3.28818972333196e-07
0.333333 89.888889 4000.000000 -3.28816474193422e-07
0.444444 89.888889 4000.000000 -3.28820248406889e-07
0.555556 89.888889 4000.000000 -3.28820248304382e-07
0.666667 89.888889 4000.000000 -3.28816474330584e-07
0.777778 89.888889 4000.000000 -3.28818972170445e-07
0.888889 89.888889 4000.000000 -3.28816321001372e-07
1.000000 89.888889 4000.000000 -3.28825142695552e-07
0.000000 90.000000 4000.000000 -3.29358159015949e-07
0.111111 90.000000 4000.000000 -3.29358159015949e-07
0.222222 90.000000 4000.000000 -3.29358159015949e-07
0.333333 90.000000 4000.000000 -3.29358159015949e-07
0.444444 90.000000 4000.000000 -3.29358159015949e-07
0.555556 90.000000 4000.000000 -3.29358159015949e-07
0.666667 90.000000 4000.000000 -3.29358159015949e-07
0.777778 90.000000 4000.000000 -3.29358159015949e-07
0.888889 90.000000 4000.000000 -3.29358159015949e-07
1.000000 90.000000 4000.000000 -3.29358159015949e-07
