# gzzz component calculated with tessgzzz 2017:
#   local time: Sun Mar 11 02:52:19 2018
#   model file: tesseroid_vs_spherical_shell_files/model-size1.0.tess (64800 tesseroids)
#   GLQ order: 2 lon / 2 lat / 2 r
#   Use recursive division of tesseroids: True
#   Distance-size ratio for recusive division: 7.5
0.000000 89.000000 6000.000000 -1.4233687714101e-07
0.111111 89.000000 6000.000000 -1.48862699453859e-07
0.222222 89.000000 6000.000000 -1.42823591060964e-07
0.333333 89.000000 6000.000000 -1.47044705907112e-07
0.444444 89.000000 6000.000000 -1.47183300371515e-07
0.555556 89.000000 6000.000000 -1.47183300484184e-07
0.666667 89.000000 6000.000000 -1.47044706118988e-07
0.777778 89.000000 6000.000000 -1.42823591528682e-07
0.888889 89.000000 6000.000000 -1.48862699411866e-07
1.000000 89.000000 6000.000000 -1.42336877162816e-07
0.000000 89.111111 6000.000000 -3.14784872719122e-07
0.111111 89.111111 6000.000000 -2.90042532715393e-07
0.222222 89.111111 6000.000000 -2.94930756310715e-07
0.333333 89.111111 6000.000000 -3.0116562270611e-07
0.444444 89.111111 6000.000000 -2.70744762683541e-07
0.555556 89.111111 6000.000000 -2.70744762656591e-07
0.666667 89.111111 6000.000000 -3.01165622708334e-07
0.777778 89.111111 6000.000000 -2.94930756302525e-07
0.888889 89.111111 6000.000000 -2.90042532726658e-07
1.000000 89.111111 6000.000000 -3.14784872685249e-07
0.000000 89.222222 6000.000000 -3.12864058900462e-07
0.111111 89.222222 6000.000000 -3.02202157630495e-07
0.222222 89.222222 6000.000000 -3.29782848033147e-07
0.333333 89.222222 6000.000000 -2.85716935516999e-07
0.444444 89.222222 6000.000000 -2.95354668339435e-07
0.555556 89.222222 6000.000000 -2.95354668341708e-07
0.666667 89.222222 6000.000000 -2.85716932247165e-07
0.777778 89.222222 6000.000000 -3.29782848036748e-07
0.888889 89.222222 6000.000000 -3.02202157578684e-07
1.000000 89.222222 6000.000000 -3.12864058849795e-07
0.000000 89.333333 6000.000000 -1.9670590186772e-07
0.111111 89.333333 6000.000000 -2.01227283380609e-07
0.222222 89.333333 6000.000000 -1.72338989715132e-07
0.333333 89.333333 6000.000000 -1.95449186986893e-07
0.444444 89.333333 6000.000000 -2.10575247697466e-07
0.555556 89.333333 6000.000000 -2.10575247706099e-07
0.666667 89.333333 6000.000000 -1.95449186952916e-07
0.777778 89.333333 6000.000000 -1.72338989699493e-07
0.888889 89.333333 6000.000000 -2.01227283337905e-07
1.000000 89.333333 6000.000000 -1.96705901887083e-07
0.000000 89.444444 6000.000000 -1.9582069611193e-07
0.111111 89.444444 6000.000000 -1.65962577107733e-07
0.222222 89.444444 6000.000000 -1.51273014538452e-07
0.333333 89.444444 6000.000000 -1.48745185473412e-07
0.444444 89.444444 6000.000000 -1.49336149680051e-07
0.555556 89.444444 6000.000000 -1.49336149697056e-07
0.666667 89.444444 6000.000000 -1.48745185448627e-07
0.777778 89.444444 6000.000000 -1.51273014550379e-07
0.888889 89.444444 6000.000000 -1.65962577143357e-07
1.000000 89.444444 6000.000000 -1.95820696087518e-07
0.000000 89.555556 6000.000000 -1.97401377483768e-07
0.111111 89.555556 6000.000000 -1.97044771376107e-07
0.222222 89.555556 6000.000000 -2.19930118950894e-07
0.333333 89.555556 6000.000000 -2.2739881492234e-07
0.444444 89.555556 6000.000000 -2.17044376346294e-07
0.555556 89.555556 6000.000000 -2.17044376403975e-07
0.666667 89.555556 6000.000000 -2.27398814902741e-07
0.777778 89.555556 6000.000000 -2.19930118940051e-07
0.888889 89.555556 6000.000000 -1.97044771372351e-07
1.000000 89.555556 6000.000000 -1.97401377493259e-07
0.000000 89.666667 6000.000000 -2.32588094121922e-07
0.111111 89.666667 6000.000000 -2.2360351634113e-07
0.222222 89.666667 6000.000000 -2.19535213247372e-07
0.333333 89.666667 6000.000000 -2.19769039324639e-07
0.444444 89.666667 6000.000000 -2.25131312236822e-07
0.555556 89.666667 6000.000000 -2.25131312246946e-07
0.666667 89.666667 6000.000000 -2.19769039309499e-07
0.777778 89.666667 6000.000000 -2.19535213245175e-07
0.888889 89.666667 6000.000000 -2.2360351634981e-07
1.000000 89.666667 6000.000000 -2.32588094143678e-07
0.000000 89.777778 6000.000000 -2.3376487754929e-07
0.111111 89.777778 6000.000000 -2.29555147224443e-07
0.222222 89.777778 6000.000000 -2.29420671230285e-07
0.333333 89.777778 6000.000000 -2.24959635151233e-07
0.444444 89.777778 6000.000000 -2.14138339062659e-07
0.555556 89.777778 6000.000000 -2.14138339048257e-07
0.666667 89.777778 6000.000000 -2.24959635141148e-07
0.777778 89.777778 6000.000000 -2.29420671197935e-07
0.888889 89.777778 6000.000000 -2.29555147226801e-07
1.000000 89.777778 6000.000000 -2.33764877560729e-07
0.000000 89.888889 6000.000000 -2.30615949891467e-07
0.111111 89.888889 6000.000000 -2.30050471412642e-07
0.222222 89.888889 6000.000000 -2.32228678363329e-07
0.333333 89.888889 6000.000000 -2.3256038633609e-07
0.444444 89.888889 6000.000000 -2.32991832454698e-07
0.555556 89.888889 6000.000000 -2.32991832441631e-07
0.666667 89.888889 6000.000000 -2.32560386344872e-07
0.777778 89.888889 6000.000000 -2.32228678352316e-07
0.888889 89.888889 6000.000000 -2.30050471420144e-07
1.000000 89.888889 6000.000000 -2.30615949896913e-07
0.000000 90.000000 6000.000000 -4.28562326226181e-07
0.111111 90.000000 6000.000000 -4.28562326226181e-07
0.222222 90.000000 6000.000000 -4.28562326226181e-07
0.333333 90.000000 6000.000000 -4.28562326226181e-07
0.444444 90.000000 6000.000000 -4.28562326226181e-07
0.555556 90.000000 6000.000000 -4.28562326226181e-07
0.666667 90.000000 6000.000000 -4.28562326226181e-07
0.777778 90.000000 6000.000000 -4.28562326226181e-07
0.888889 90.000000 6000.000000 -4.28562326226181e-07
1.000000 90.000000 6000.000000 -4.28562326226181e-07
