# gzzz component calculated with tessgzzz 2017:
#   local time: Sun Mar 11 03:07:46 2018
#   model file: tesseroid_vs_spherical_shell_files/model-size1.0.tess (64800 tesseroids)
#   GLQ order: 2 lon / 2 lat / 2 r
#   Use recursive division of tesseroids: True
#   Distance-size ratio for recusive division: 35
0.000000 89.000000 10000.000000 -3.28156879468832e-07
0.111111 89.000000 10000.000000 -3.28155809049978e-07
0.222222 89.000000 10000.000000 -3.28155216196607e-07
0.333333 89.000000 10000.000000 -3.28155557792484e-07
0.444444 89.000000 10000.000000 -3.28155253575681e-07
0.555556 89.000000 10000.000000 -3.28155253145705e-07
0.666667 89.000000 10000.000000 -3.28155557666388e-07
0.777778 89.000000 10000.000000 -3.28155216018659e-07
0.888889 89.000000 10000.000000 -3.28155809063784e-07
1.000000 89.000000 10000.000000 -3.28156879466946e-07
0.000000 89.111111 10000.000000 -3.28133311697785e-07
0.111111 89.111111 10000.000000 -3.2813358403799e-07
0.222222 89.111111 10000.000000 -3.28134112038781e-07
0.333333 89.111111 10000.000000 -3.28134806572158e-07
0.444444 89.111111 10000.000000 -3.28133143815474e-07
0.555556 89.111111 10000.000000 -3.28133143847946e-07
0.666667 89.111111 10000.000000 -3.2813480651793e-07
0.777778 89.111111 10000.000000 -3.28134112031385e-07
0.888889 89.111111 10000.000000 -3.28133585085805e-07
1.000000 89.111111 10000.000000 -3.28133311701035e-07
0.000000 89.222222 10000.000000 -3.28142225703938e-07
0.111111 89.222222 10000.000000 -3.28138317665942e-07
0.222222 89.222222 10000.000000 -3.28138902234421e-07
0.333333 89.222222 10000.000000 -3.2813668133172e-07
0.444444 89.222222 10000.000000 -3.28136909432506e-07
0.555556 89.222222 10000.000000 -3.28136909408568e-07
0.666667 89.222222 10000.000000 -3.28136681335756e-07
0.777778 89.222222 10000.000000 -3.28138902068963e-07
0.888889 89.222222 10000.000000 -3.28138317640072e-07
1.000000 89.222222 10000.000000 -3.28142225657559e-07
0.000000 89.333333 10000.000000 -3.28164079581823e-07
0.111111 89.333333 10000.000000 -3.28166905721562e-07
0.222222 89.333333 10000.000000 -3.28164421229233e-07
0.333333 89.333333 10000.000000 -3.28165538325582e-07
0.444444 89.333333 10000.000000 -3.28164740661249e-07
0.555556 89.333333 10000.000000 -3.28164740701951e-07
0.666667 89.333333 10000.000000 -3.28165538377289e-07
0.777778 89.333333 10000.000000 -3.28164421190826e-07
0.888889 89.333333 10000.000000 -3.28166905656104e-07
1.000000 89.333333 10000.000000 -3.28164079518193e-07
0.000000 89.444444 10000.000000 -3.28223370194809e-07
0.111111 89.444444 10000.000000 -3.28222981968811e-07
0.222222 89.444444 10000.000000 -3.28223323515379e-07
0.333333 89.444444 10000.000000 -3.28225153261362e-07
0.444444 89.444444 10000.000000 -3.28224502598328e-07
0.555556 89.444444 10000.000000 -3.28224502631926e-07
0.666667 89.444444 10000.000000 -3.28225153234892e-07
0.777778 89.444444 10000.000000 -3.28223323461567e-07
0.888889 89.444444 10000.000000 -3.28222981985581e-07
1.000000 89.444444 10000.000000 -3.2822337017465e-07
0.000000 89.555556 10000.000000 -3.28135318247887e-07
0.111111 89.555556 10000.000000 -3.28136126713846e-07
0.222222 89.555556 10000.000000 -3.28135062769827e-07
0.333333 89.555556 10000.000000 -3.28135924795546e-07
0.444444 89.555556 10000.000000 -3.28136379669862e-07
0.555556 89.555556 10000.000000 -3.28136379701981e-07
0.666667 89.555556 10000.000000 -3.28135924539224e-07
0.777778 89.555556 10000.000000 -3.28135062798017e-07
0.888889 89.555556 10000.000000 -3.28136126735842e-07
1.000000 89.555556 10000.000000 -3.28135318287783e-07
0.000000 89.666667 10000.000000 -3.281379076999e-07
0.111111 89.666667 10000.000000 -3.28137907551342e-07
0.222222 89.666667 10000.000000 -3.28136915963717e-07
0.333333 89.666667 10000.000000 -3.28136239013476e-07
0.444444 89.666667 10000.000000 -3.28137457232702e-07
0.555556 89.666667 10000.000000 -3.28137457220558e-07
0.666667 89.666667 10000.000000 -3.28136239010429e-07
0.777778 89.666667 10000.000000 -3.281369159698e-07
0.888889 89.666667 10000.000000 -3.28137907545308e-07
1.000000 89.666667 10000.000000 -3.28137907698486e-07
0.000000 89.777778 10000.000000 -3.28133967106924e-07
0.111111 89.777778 10000.000000 -3.28133944359864e-07
0.222222 89.777778 10000.000000 -3.28135321454161e-07
0.333333 89.777778 10000.000000 -3.28134694163708e-07
0.444444 89.777778 10000.000000 -3.2813396697389e-07
0.555556 89.777778 10000.000000 -3.28133966967836e-07
0.666667 89.777778 10000.000000 -3.28134694168796e-07
0.777778 89.777778 10000.000000 -3.28135321310904e-07
0.888889 89.777778 10000.000000 -3.2813394437399e-07
1.000000 89.777778 10000.000000 -3.28133967100417e-07
0.000000 89.888889 10000.000000 -3.28204668852248e-07
0.111111 89.888889 10000.000000 -3.28204844813509e-07
0.222222 89.888889 10000.000000 -3.28205163141851e-07
0.333333 89.888889 10000.000000 -3.28204993459315e-07
0.444444 89.888889 10000.000000 -3.28205064134886e-07
0.555556 89.888889 10000.000000 -3.28205064137963e-07
0.666667 89.888889 10000.000000 -3.28204993479894e-07
0.777778 89.888889 10000.000000 -3.28205163124956e-07
0.888889 89.888889 10000.000000 -3.28204844797202e-07
1.000000 89.888889 10000.000000 -3.28204668851827e-07
0.000000 90.000000 10000.000000 -3.27995993871116e-07
0.111111 90.000000 10000.000000 -3.27995993871116e-07
0.222222 90.000000 10000.000000 -3.27995993871116e-07
0.333333 90.000000 10000.000000 -3.27995993871116e-07
0.444444 90.000000 10000.000000 -3.27995993871116e-07
0.555556 90.000000 10000.000000 -3.27995993871116e-07
0.666667 90.000000 10000.000000 -3.27995993871116e-07
0.777778 90.000000 10000.000000 -3.27995993871116e-07
0.888889 90.000000 10000.000000 -3.27995993871116e-07
1.000000 90.000000 10000.000000 -3.27995993871116e-07
