# gzzz component calculated with tessgzzz 2017:
#   local time: Sun Mar 11 02:42:27 2018
#   model file: tesseroid_vs_spherical_shell_files/model-size1.0.tess (64800 tesseroids)
#   GLQ order: 2 lon / 2 lat / 2 r
#   Use recursive division of tesseroids: True
#   Distance-size ratio for recusive division: 12.5
0.000000 89.000000 4000.000000 -3.02507639298966e-07
0.111111 89.000000 4000.000000 -3.03226321614561e-07
0.222222 89.000000 4000.000000 -3.01877900609909e-07
0.333333 89.000000 4000.000000 -3.02982547691601e-07
0.444444 89.000000 4000.000000 -3.02570861624103e-07
0.555556 89.000000 4000.000000 -3.02570862036257e-07
0.666667 89.000000 4000.000000 -3.02982547771265e-07
0.777778 89.000000 4000.000000 -3.01877901183266e-07
0.888889 89.000000 4000.000000 -3.03226321842045e-07
1.000000 89.000000 4000.000000 -3.02507639399187e-07
0.000000 89.111111 4000.000000 -2.8683401201628e-07
0.111111 89.111111 4000.000000 -2.87168474107709e-07
0.222222 89.111111 4000.000000 -2.86434101797159e-07
0.333333 89.111111 4000.000000 -2.87231624036242e-07
0.444444 89.111111 4000.000000 -2.855406926372e-07
0.555556 89.111111 4000.000000 -2.85540692741634e-07
0.666667 89.111111 4000.000000 -2.87231624064226e-07
0.777778 89.111111 4000.000000 -2.86434101846329e-07
0.888889 89.111111 4000.000000 -2.87168880443039e-07
1.000000 89.111111 4000.000000 -2.86834011738061e-07
0.000000 89.222222 4000.000000 -2.82312786420792e-07
0.111111 89.222222 4000.000000 -2.85739204494504e-07
0.222222 89.222222 4000.000000 -2.82688394408697e-07
0.333333 89.222222 4000.000000 -2.84152888483025e-07
0.444444 89.222222 4000.000000 -2.84911255122093e-07
0.555556 89.222222 4000.000000 -2.84911255073306e-07
0.666667 89.222222 4000.000000 -2.84152889081542e-07
0.777778 89.222222 4000.000000 -2.82688394581113e-07
0.888889 89.222222 4000.000000 -2.85739204818996e-07
1.000000 89.222222 4000.000000 -2.82312786520995e-07
0.000000 89.333333 4000.000000 -3.17578730781816e-07
0.111111 89.333333 4000.000000 -3.22556238493602e-07
0.222222 89.333333 4000.000000 -3.18611414885056e-07
0.333333 89.333333 4000.000000 -3.21041216588217e-07
0.444444 89.333333 4000.000000 -3.18960413234513e-07
0.555556 89.333333 4000.000000 -3.18960413145506e-07
0.666667 89.333333 4000.000000 -3.21041216483832e-07
0.777778 89.333333 4000.000000 -3.18611415151942e-07
0.888889 89.333333 4000.000000 -3.22556238646191e-07
1.000000 89.333333 4000.000000 -3.17578730547678e-07
0.000000 89.444444 4000.000000 -3.25891732216645e-07
0.111111 89.444444 4000.000000 -3.29450417796234e-07
0.222222 89.444444 4000.000000 -3.27707938368816e-07
0.333333 89.444444 4000.000000 -3.28344716714359e-07
0.444444 89.444444 4000.000000 -3.28134429572425e-07
0.555556 89.444444 4000.000000 -3.28134431049862e-07
0.666667 89.444444 4000.000000 -3.28344717036491e-07
0.777778 89.444444 4000.000000 -3.27707938143403e-07
0.888889 89.444444 4000.000000 -3.29450417839994e-07
1.000000 89.444444 4000.000000 -3.25891732262671e-07
0.000000 89.555556 4000.000000 -2.97115095827975e-07
0.111111 89.555556 4000.000000 -2.95304733620887e-07
0.222222 89.555556 4000.000000 -2.95521956118102e-07
0.333333 89.555556 4000.000000 -2.95312199337274e-07
0.444444 89.555556 4000.000000 -2.95418996242667e-07
0.555556 89.555556 4000.000000 -2.95418996304437e-07
0.666667 89.555556 4000.000000 -2.95312199631665e-07
0.777778 89.555556 4000.000000 -2.95521956476607e-07
0.888889 89.555556 4000.000000 -2.9530473434989e-07
1.000000 89.555556 4000.000000 -2.97115095823962e-07
0.000000 89.666667 4000.000000 -3.13177136616188e-07
0.111111 89.666667 4000.000000 -3.16613726393305e-07
0.222222 89.666667 4000.000000 -3.14907345215306e-07
0.333333 89.666667 4000.000000 -3.15152263762347e-07
0.444444 89.666667 4000.000000 -3.1452253064619e-07
0.555556 89.666667 4000.000000 -3.14522530622402e-07
0.666667 89.666667 4000.000000 -3.15152263632864e-07
0.777778 89.666667 4000.000000 -3.14907345264213e-07
0.888889 89.666667 4000.000000 -3.16613726042235e-07
1.000000 89.666667 4000.000000 -3.13177136586025e-07
0.000000 89.777778 4000.000000 -2.81177623857875e-07
0.111111 89.777778 4000.000000 -2.83701546312434e-07
0.222222 89.777778 4000.000000 -2.83017440778078e-07
0.333333 89.777778 4000.000000 -2.81338517355655e-07
0.444444 89.777778 4000.000000 -2.80030341347013e-07
0.555556 89.777778 4000.000000 -2.80030341386332e-07
0.666667 89.777778 4000.000000 -2.81338517529136e-07
0.777778 89.777778 4000.000000 -2.83017440658786e-07
0.888889 89.777778 4000.000000 -2.83701546108016e-07
1.000000 89.777778 4000.000000 -2.81177623952368e-07
0.000000 89.888889 4000.000000 -2.97644414905239e-07
0.111111 89.888889 4000.000000 -2.97718433082986e-07
0.222222 89.888889 4000.000000 -2.98391153688885e-07
0.333333 89.888889 4000.000000 -2.98552459430398e-07
0.444444 89.888889 4000.000000 -2.98315737879007e-07
0.555556 89.888889 4000.000000 -2.98315737856458e-07
0.666667 89.888889 4000.000000 -2.98552459416502e-07
0.777778 89.888889 4000.000000 -2.98391153717488e-07
0.888889 89.888889 4000.000000 -2.97718432958125e-07
1.000000 89.888889 4000.000000 -2.97644414828135e-07
0.000000 90.000000 4000.000000 -2.39875017084898e-07
0.111111 90.000000 4000.000000 -2.39875017084898e-07
0.222222 90.000000 4000.000000 -2.39875017084898e-07
0.333333 90.000000 4000.000000 -2.39875017084898e-07
0.444444 90.000000 4000.000000 -2.39875017084898e-07
0.555556 90.000000 4000.000000 -2.39875017084898e-07
0.666667 90.000000 4000.000000 -2.39875017084898e-07
0.777778 90.000000 4000.000000 -2.39875017084898e-07
0.888889 90.000000 4000.000000 -2.39875017084898e-07
1.000000 90.000000 4000.000000 -2.39875017084898e-07
