# gzzz component calculated with tessgzzz 2017:
#   local time: Sun Mar 11 02:42:54 2018
#   model file: tesseroid_vs_spherical_shell_files/model-size1.0.tess (64800 tesseroids)
#   GLQ order: 2 lon / 2 lat / 2 r
#   Use recursive division of tesseroids: True
#   Distance-size ratio for recusive division: 20
0.000000 89.000000 4000.000000 -3.20647844364472e-07
0.111111 89.000000 4000.000000 -3.20741777162525e-07
0.222222 89.000000 4000.000000 -3.20729104303143e-07
0.333333 89.000000 4000.000000 -3.20729857312676e-07
0.444444 89.000000 4000.000000 -3.20803745426971e-07
0.555556 89.000000 4000.000000 -3.2080374655191e-07
0.666667 89.000000 4000.000000 -3.20729858133522e-07
0.777778 89.000000 4000.000000 -3.2072910503034e-07
0.888889 89.000000 4000.000000 -3.20741777224546e-07
1.000000 89.000000 4000.000000 -3.20647844423709e-07
0.000000 89.111111 4000.000000 -3.24062088118449e-07
0.111111 89.111111 4000.000000 -3.23849171797068e-07
0.222222 89.111111 4000.000000 -3.23943289121296e-07
0.333333 89.111111 4000.000000 -3.23714954210687e-07
0.444444 89.111111 4000.000000 -3.23735885961805e-07
0.555556 89.111111 4000.000000 -3.23735886155795e-07
0.666667 89.111111 4000.000000 -3.23714954344245e-07
0.777778 89.111111 4000.000000 -3.23943288896291e-07
0.888889 89.111111 4000.000000 -3.23849172738807e-07
1.000000 89.111111 4000.000000 -3.24062088865952e-07
0.000000 89.222222 4000.000000 -3.26046385162253e-07
0.111111 89.222222 4000.000000 -3.26004580873729e-07
0.222222 89.222222 4000.000000 -3.2610151056816e-07
0.333333 89.222222 4000.000000 -3.26024939545257e-07
0.444444 89.222222 4000.000000 -3.26178242663546e-07
0.555556 89.222222 4000.000000 -3.26178243074457e-07
0.666667 89.222222 4000.000000 -3.2602493987736e-07
0.777778 89.222222 4000.000000 -3.26101511784164e-07
0.888889 89.222222 4000.000000 -3.26004581505371e-07
1.000000 89.222222 4000.000000 -3.26046385125592e-07
0.000000 89.333333 4000.000000 -3.27702879543546e-07
0.111111 89.333333 4000.000000 -3.27696691034909e-07
0.222222 89.333333 4000.000000 -3.27672819381343e-07
0.333333 89.333333 4000.000000 -3.27599198943827e-07
0.444444 89.333333 4000.000000 -3.27681586375023e-07
0.555556 89.333333 4000.000000 -3.2768158628316e-07
0.666667 89.333333 4000.000000 -3.27599200016193e-07
0.777778 89.333333 4000.000000 -3.27672819524936e-07
0.888889 89.333333 4000.000000 -3.27696692036388e-07
1.000000 89.333333 4000.000000 -3.27702879475666e-07
0.000000 89.444444 4000.000000 -3.24831753946439e-07
0.111111 89.444444 4000.000000 -3.24878395933076e-07
0.222222 89.444444 4000.000000 -3.24593076424953e-07
0.333333 89.444444 4000.000000 -3.24803441565671e-07
0.444444 89.444444 4000.000000 -3.24856011946999e-07
0.555556 89.444444 4000.000000 -3.24856012025073e-07
0.666667 89.444444 4000.000000 -3.24803441204121e-07
0.777778 89.444444 4000.000000 -3.24593076218904e-07
0.888889 89.444444 4000.000000 -3.24878396518324e-07
1.000000 89.444444 4000.000000 -3.24831753940868e-07
0.000000 89.555556 4000.000000 -3.26870485314103e-07
0.111111 89.555556 4000.000000 -3.27012829667972e-07
0.222222 89.555556 4000.000000 -3.26724844963383e-07
0.333333 89.555556 4000.000000 -3.26848890468753e-07
0.444444 89.555556 4000.000000 -3.27041920694151e-07
0.555556 89.555556 4000.000000 -3.27041920884689e-07
0.666667 89.555556 4000.000000 -3.26848891793109e-07
0.777778 89.555556 4000.000000 -3.26724844896871e-07
0.888889 89.555556 4000.000000 -3.27012828769483e-07
1.000000 89.555556 4000.000000 -3.2687048516247e-07
0.000000 89.666667 4000.000000 -3.27189100933313e-07
0.111111 89.666667 4000.000000 -3.27154933519089e-07
0.222222 89.666667 4000.000000 -3.27286839735939e-07
0.333333 89.666667 4000.000000 -3.27325976554357e-07
0.444444 89.666667 4000.000000 -3.27308631398413e-07
0.555556 89.666667 4000.000000 -3.27308631494108e-07
0.666667 89.666667 4000.000000 -3.27325976178153e-07
0.777778 89.666667 4000.000000 -3.27286839812033e-07
0.888889 89.666667 4000.000000 -3.27154933636307e-07
1.000000 89.666667 4000.000000 -3.27189101212856e-07
0.000000 89.777778 4000.000000 -3.21862057729324e-07
0.111111 89.777778 4000.000000 -3.21908669661649e-07
0.222222 89.777778 4000.000000 -3.22246512382153e-07
0.333333 89.777778 4000.000000 -3.21887385249449e-07
0.444444 89.777778 4000.000000 -3.21858664942786e-07
0.555556 89.777778 4000.000000 -3.21858664971521e-07
0.666667 89.777778 4000.000000 -3.21887385432206e-07
0.777778 89.777778 4000.000000 -3.22246513261091e-07
0.888889 89.777778 4000.000000 -3.21908669616837e-07
1.000000 89.777778 4000.000000 -3.21862057773117e-07
0.000000 89.888889 4000.000000 -3.19600210795021e-07
0.111111 89.888889 4000.000000 -3.19636394932847e-07
0.222222 89.888889 4000.000000 -3.19890100610638e-07
0.333333 89.888889 4000.000000 -3.20061139054286e-07
0.444444 89.888889 4000.000000 -3.20133548272749e-07
0.555556 89.888889 4000.000000 -3.20133548189151e-07
0.666667 89.888889 4000.000000 -3.2006113885149e-07
0.777778 89.888889 4000.000000 -3.19890100690317e-07
0.888889 89.888889 4000.000000 -3.19636395025051e-07
1.000000 89.888889 4000.000000 -3.19600210854848e-07
0.000000 90.000000 4000.000000 -3.26912102589409e-07
0.111111 90.000000 4000.000000 -3.26912102589409e-07
0.222222 90.000000 4000.000000 -3.26912102589409e-07
0.333333 90.000000 4000.000000 -3.26912102589409e-07
0.444444 90.000000 4000.000000 -3.26912102589409e-07
0.555556 90.000000 4000.000000 -3.26912102589409e-07
0.666667 90.000000 4000.000000 -3.26912102589409e-07
0.777778 90.000000 4000.000000 -3.26912102589409e-07
0.888889 90.000000 4000.000000 -3.26912102589409e-07
1.000000 90.000000 4000.000000 -3.26912102589409e-07
