# gzzz component calculated with tessgzzz 2017:
#   local time: Sun Mar 11 02:58:29 2018
#   model file: tesseroid_vs_spherical_shell_files/model-size1.0.tess (64800 tesseroids)
#   GLQ order: 2 lon / 2 lat / 2 r
#   Use recursive division of tesseroids: True
#   Distance-size ratio for recusive division: 50
0.000000 89.000000 6000.000000 -3.29171272387863e-07
0.111111 89.000000 6000.000000 -3.29170884567035e-07
0.222222 89.000000 6000.000000 -3.29170279557122e-07
0.333333 89.000000 6000.000000 -3.29170576138718e-07
0.444444 89.000000 6000.000000 -3.29170906973123e-07
0.555556 89.000000 6000.000000 -3.2917090618125e-07
0.666667 89.000000 6000.000000 -3.2917057626984e-07
0.777778 89.000000 6000.000000 -3.29170278715896e-07
0.888889 89.000000 6000.000000 -3.2917088597703e-07
1.000000 89.000000 6000.000000 -3.29171272338936e-07
0.000000 89.111111 6000.000000 -3.29149799263159e-07
0.111111 89.111111 6000.000000 -3.2914867280777e-07
0.222222 89.111111 6000.000000 -3.29148730142666e-07
0.333333 89.111111 6000.000000 -3.29148485553334e-07
0.444444 89.111111 6000.000000 -3.29148921924612e-07
0.555556 89.111111 6000.000000 -3.29148922028797e-07
0.666667 89.111111 6000.000000 -3.29148485586486e-07
0.777778 89.111111 6000.000000 -3.29148729967546e-07
0.888889 89.111111 6000.000000 -3.2914867230368e-07
1.000000 89.111111 6000.000000 -3.29149799568616e-07
0.000000 89.222222 6000.000000 -3.29084464690562e-07
0.111111 89.222222 6000.000000 -3.29084244271467e-07
0.222222 89.222222 6000.000000 -3.29084812988781e-07
0.333333 89.222222 6000.000000 -3.29084719922993e-07
0.444444 89.222222 6000.000000 -3.29084256191038e-07
0.555556 89.222222 6000.000000 -3.29084256349818e-07
0.666667 89.222222 6000.000000 -3.29084719230621e-07
0.777778 89.222222 6000.000000 -3.29084813065732e-07
0.888889 89.222222 6000.000000 -3.2908424383603e-07
1.000000 89.222222 6000.000000 -3.29084464778642e-07
0.000000 89.333333 6000.000000 -3.29079096952755e-07
0.111111 89.333333 6000.000000 -3.29078514205409e-07
0.222222 89.333333 6000.000000 -3.29078311392143e-07
0.333333 89.333333 6000.000000 -3.29078338222201e-07
0.444444 89.333333 6000.000000 -3.29078517520589e-07
0.555556 89.333333 6000.000000 -3.29078517677028e-07
0.666667 89.333333 6000.000000 -3.2907833794894e-07
0.777778 89.333333 6000.000000 -3.2907831165537e-07
0.888889 89.333333 6000.000000 -3.29078514016541e-07
1.000000 89.333333 6000.000000 -3.2907909678239e-07
0.000000 89.444444 6000.000000 -3.29064553435958e-07
0.111111 89.444444 6000.000000 -3.29064988584781e-07
0.222222 89.444444 6000.000000 -3.29065290489244e-07
0.333333 89.444444 6000.000000 -3.29063655128727e-07
0.444444 89.444444 6000.000000 -3.29064113466537e-07
0.555556 89.444444 6000.000000 -3.29064112611391e-07
0.666667 89.444444 6000.000000 -3.29063655090618e-07
0.777778 89.444444 6000.000000 -3.29065290834201e-07
0.888889 89.444444 6000.000000 -3.29064988629826e-07
1.000000 89.444444 6000.000000 -3.29064553561048e-07
0.000000 89.555556 6000.000000 -3.29130114134622e-07
0.111111 89.555556 6000.000000 -3.2913148845638e-07
0.222222 89.555556 6000.000000 -3.29130049394364e-07
0.333333 89.555556 6000.000000 -3.29130182475895e-07
0.444444 89.555556 6000.000000 -3.29129949058718e-07
0.555556 89.555556 6000.000000 -3.29129949174955e-07
0.666667 89.555556 6000.000000 -3.29130183631608e-07
0.777778 89.555556 6000.000000 -3.29130048097431e-07
0.888889 89.555556 6000.000000 -3.29131486661494e-07
1.000000 89.555556 6000.000000 -3.29130114506024e-07
0.000000 89.666667 6000.000000 -3.29070837157923e-07
0.111111 89.666667 6000.000000 -3.29069921659837e-07
0.222222 89.666667 6000.000000 -3.29070403541374e-07
0.333333 89.666667 6000.000000 -3.29070528510151e-07
0.444444 89.666667 6000.000000 -3.2907024556969e-07
0.555556 89.666667 6000.000000 -3.29070245452145e-07
0.666667 89.666667 6000.000000 -3.29070527856516e-07
0.777778 89.666667 6000.000000 -3.29070403755445e-07
0.888889 89.666667 6000.000000 -3.29069921312877e-07
1.000000 89.666667 6000.000000 -3.29070837270097e-07
0.000000 89.777778 6000.000000 -3.29138162069552e-07
0.111111 89.777778 6000.000000 -3.29138595664502e-07
0.222222 89.777778 6000.000000 -3.29138759283352e-07
0.333333 89.777778 6000.000000 -3.29138393070404e-07
0.444444 89.777778 6000.000000 -3.29138325539784e-07
0.555556 89.777778 6000.000000 -3.29138325744173e-07
0.666667 89.777778 6000.000000 -3.29138393524816e-07
0.777778 89.777778 6000.000000 -3.291387592876e-07
0.888889 89.777778 6000.000000 -3.29138595476068e-07
1.000000 89.777778 6000.000000 -3.29138161866307e-07
0.000000 89.888889 6000.000000 -3.29124109564643e-07
0.111111 89.888889 6000.000000 -3.29125177431227e-07
0.222222 89.888889 6000.000000 -3.29124630189494e-07
0.333333 89.888889 6000.000000 -3.29125729392028e-07
0.444444 89.888889 6000.000000 -3.29124386570068e-07
0.555556 89.888889 6000.000000 -3.29124386660427e-07
0.666667 89.888889 6000.000000 -3.29125729285952e-07
0.777778 89.888889 6000.000000 -3.29124630228782e-07
0.888889 89.888889 6000.000000 -3.29125177465829e-07
1.000000 89.888889 6000.000000 -3.29124109531672e-07
0.000000 90.000000 6000.000000 -3.28958849052376e-07
0.111111 90.000000 6000.000000 -3.28958849052376e-07
0.222222 90.000000 6000.000000 -3.28958849052376e-07
0.333333 90.000000 6000.000000 -3.28958849052376e-07
0.444444 90.000000 6000.000000 -3.28958849052376e-07
0.555556 90.000000 6000.000000 -3.28958849052376e-07
0.666667 90.000000 6000.000000 -3.28958849052376e-07
0.777778 90.000000 6000.000000 -3.28958849052376e-07
0.888889 90.000000 6000.000000 -3.28958849052376e-07
1.000000 90.000000 6000.000000 -3.28958849052376e-07
