# gzzz component calculated with tessgzzz 2017:
#   local time: Sun Mar 11 02:42:20 2018
#   model file: tesseroid_vs_spherical_shell_files/model-size1.0.tess (64800 tesseroids)
#   GLQ order: 2 lon / 2 lat / 2 r
#   Use recursive division of tesseroids: True
#   Distance-size ratio for recusive division: 10
0.000000 89.000000 4000.000000 -1.84345116566469e-07
0.111111 89.000000 4000.000000 -1.78762391296477e-07
0.222222 89.000000 4000.000000 -1.80562689052401e-07
0.333333 89.000000 4000.000000 -1.79364570213443e-07
0.444444 89.000000 4000.000000 -1.82537128518454e-07
0.555556 89.000000 4000.000000 -1.82537128747563e-07
0.666667 89.000000 4000.000000 -1.79364570267371e-07
0.777778 89.000000 4000.000000 -1.80562690257944e-07
0.888889 89.000000 4000.000000 -1.78762391273245e-07
1.000000 89.000000 4000.000000 -1.84345116612494e-07
0.000000 89.111111 4000.000000 -2.39588179691454e-07
0.111111 89.111111 4000.000000 -2.14230450177469e-07
0.222222 89.111111 4000.000000 -2.24635159303319e-07
0.333333 89.111111 4000.000000 -2.20245109422694e-07
0.444444 89.111111 4000.000000 -2.27304193548937e-07
0.555556 89.111111 4000.000000 -2.27304193639461e-07
0.666667 89.111111 4000.000000 -2.20245109495478e-07
0.777778 89.111111 4000.000000 -2.24635159465464e-07
0.888889 89.111111 4000.000000 -2.14230856476521e-07
1.000000 89.111111 4000.000000 -2.39588179536182e-07
0.000000 89.222222 4000.000000 -2.6933094602021e-07
0.111111 89.222222 4000.000000 -2.64010920809677e-07
0.222222 89.222222 4000.000000 -2.6626790458454e-07
0.333333 89.222222 4000.000000 -2.6512772750275e-07
0.444444 89.222222 4000.000000 -2.6569494378709e-07
0.555556 89.222222 4000.000000 -2.65694947265762e-07
0.666667 89.222222 4000.000000 -2.65127727861937e-07
0.777778 89.222222 4000.000000 -2.66267904554162e-07
0.888889 89.222222 4000.000000 -2.64010920867593e-07
1.000000 89.222222 4000.000000 -2.69330945804496e-07
0.000000 89.333333 4000.000000 -3.01154145192327e-07
0.111111 89.333333 4000.000000 -2.91714937127577e-07
0.222222 89.333333 4000.000000 -2.96930897650057e-07
0.333333 89.333333 4000.000000 -2.96688494941134e-07
0.444444 89.333333 4000.000000 -2.94415527415877e-07
0.555556 89.333333 4000.000000 -2.94415527295129e-07
0.666667 89.333333 4000.000000 -2.96688495026099e-07
0.777778 89.333333 4000.000000 -2.96930898099764e-07
0.888889 89.333333 4000.000000 -2.91714937120652e-07
1.000000 89.333333 4000.000000 -3.01154145142331e-07
0.000000 89.444444 4000.000000 -2.3377905994611e-07
0.111111 89.444444 4000.000000 -2.40075153511012e-07
0.222222 89.444444 4000.000000 -2.37183544429377e-07
0.333333 89.444444 4000.000000 -2.48173075399737e-07
0.444444 89.444444 4000.000000 -2.40693502920181e-07
0.555556 89.444444 4000.000000 -2.40693502949749e-07
0.666667 89.444444 4000.000000 -2.48173075500502e-07
0.777778 89.444444 4000.000000 -2.37183544335289e-07
0.888889 89.444444 4000.000000 -2.40075152512545e-07
1.000000 89.444444 4000.000000 -2.33779060201875e-07
0.000000 89.555556 4000.000000 -2.74210882506664e-07
0.111111 89.555556 4000.000000 -2.51283052093707e-07
0.222222 89.555556 4000.000000 -2.47362092666949e-07
0.333333 89.555556 4000.000000 -2.50156888567361e-07
0.444444 89.555556 4000.000000 -2.67698045951523e-07
0.555556 89.555556 4000.000000 -2.67698050508062e-07
0.666667 89.555556 4000.000000 -2.50156888706044e-07
0.777778 89.555556 4000.000000 -2.47362092797449e-07
0.888889 89.555556 4000.000000 -2.51283052142369e-07
1.000000 89.555556 4000.000000 -2.7421088252486e-07
0.000000 89.666667 4000.000000 -2.80254616868724e-07
0.111111 89.666667 4000.000000 -2.75575011261991e-07
0.222222 89.666667 4000.000000 -2.73151929540688e-07
0.333333 89.666667 4000.000000 -2.76455750177335e-07
0.444444 89.666667 4000.000000 -2.84813733950546e-07
0.555556 89.666667 4000.000000 -2.84813733921368e-07
0.666667 89.666667 4000.000000 -2.76455750135346e-07
0.777778 89.666667 4000.000000 -2.73151929599852e-07
0.888889 89.666667 4000.000000 -2.75575011261647e-07
1.000000 89.666667 4000.000000 -2.80254616918961e-07
0.000000 89.777778 4000.000000 -1.72650265894522e-07
0.111111 89.777778 4000.000000 -1.77493858772887e-07
0.222222 89.777778 4000.000000 -1.78787268417206e-07
0.333333 89.777778 4000.000000 -1.68879008529336e-07
0.444444 89.777778 4000.000000 -1.70761998225004e-07
0.555556 89.777778 4000.000000 -1.70761998104397e-07
0.666667 89.777778 4000.000000 -1.68879008515833e-07
0.777778 89.777778 4000.000000 -1.7878726834613e-07
0.888889 89.777778 4000.000000 -1.77493858751968e-07
1.000000 89.777778 4000.000000 -1.72650265905651e-07
0.000000 89.888889 4000.000000 -2.2555416881756e-07
0.111111 89.888889 4000.000000 -2.2339268869828e-07
0.222222 89.888889 4000.000000 -2.23510809134152e-07
0.333333 89.888889 4000.000000 -2.20750008009099e-07
0.444444 89.888889 4000.000000 -2.19514279549861e-07
0.555556 89.888889 4000.000000 -2.19514279503079e-07
0.666667 89.888889 4000.000000 -2.20750008039872e-07
0.777778 89.888889 4000.000000 -2.23510809214482e-07
0.888889 89.888889 4000.000000 -2.23392688641263e-07
1.000000 89.888889 4000.000000 -2.25554168841862e-07
0.000000 90.000000 4000.000000 -2.70947360741502e-07
0.111111 90.000000 4000.000000 -2.70947360741502e-07
0.222222 90.000000 4000.000000 -2.70947360741502e-07
0.333333 90.000000 4000.000000 -2.70947360741502e-07
0.444444 90.000000 4000.000000 -2.70947360741502e-07
0.555556 90.000000 4000.000000 -2.70947360741502e-07
0.666667 90.000000 4000.000000 -2.70947360741502e-07
0.777778 90.000000 4000.000000 -2.70947360741502e-07
0.888889 90.000000 4000.000000 -2.70947360741502e-07
1.000000 90.000000 4000.000000 -2.70947360741502e-07
