# gzzz component calculated with tessgzzz 2017:
#   local time: Sun Mar 11 02:52:39 2018
#   model file: tesseroid_vs_spherical_shell_files/model-size1.0.tess (64800 tesseroids)
#   GLQ order: 2 lon / 2 lat / 2 r
#   Use recursive division of tesseroids: True
#   Distance-size ratio for recusive division: 15
0.000000 89.000000 6000.000000 -3.20881421617355e-07
0.111111 89.000000 6000.000000 -3.21007673848141e-07
0.222222 89.000000 6000.000000 -3.20783728069872e-07
0.333333 89.000000 6000.000000 -3.21115551235034e-07
0.444444 89.000000 6000.000000 -3.2092099950242e-07
0.555556 89.000000 6000.000000 -3.20920999899111e-07
0.666667 89.000000 6000.000000 -3.21115551297804e-07
0.777778 89.000000 6000.000000 -3.20783728221977e-07
0.888889 89.000000 6000.000000 -3.21007674126143e-07
1.000000 89.000000 6000.000000 -3.20881421621594e-07
0.000000 89.111111 6000.000000 -3.24261338250863e-07
0.111111 89.111111 6000.000000 -3.23932176155593e-07
0.222222 89.111111 6000.000000 -3.23990236767876e-07
0.333333 89.111111 6000.000000 -3.23939660176522e-07
0.444444 89.111111 6000.000000 -3.23936968278757e-07
0.555556 89.111111 6000.000000 -3.2393696840069e-07
0.666667 89.111111 6000.000000 -3.23939660223877e-07
0.777778 89.111111 6000.000000 -3.23990236795651e-07
0.888889 89.111111 6000.000000 -3.23932193981272e-07
1.000000 89.111111 6000.000000 -3.24261338246283e-07
0.000000 89.222222 6000.000000 -3.29432266189401e-07
0.111111 89.222222 6000.000000 -3.29514372473958e-07
0.222222 89.222222 6000.000000 -3.28739500920013e-07
0.333333 89.222222 6000.000000 -3.28596744121503e-07
0.444444 89.222222 6000.000000 -3.28546951807054e-07
0.555556 89.222222 6000.000000 -3.28546951798422e-07
0.666667 89.222222 6000.000000 -3.28596744181806e-07
0.777778 89.222222 6000.000000 -3.28739500939361e-07
0.888889 89.222222 6000.000000 -3.2951437271736e-07
1.000000 89.222222 6000.000000 -3.29432266250954e-07
0.000000 89.333333 6000.000000 -3.23493104508832e-07
0.111111 89.333333 6000.000000 -3.23682776327782e-07
0.222222 89.333333 6000.000000 -3.23989739069527e-07
0.333333 89.333333 6000.000000 -3.23804347951128e-07
0.444444 89.333333 6000.000000 -3.23770668744759e-07
0.555556 89.333333 6000.000000 -3.23770668759854e-07
0.666667 89.333333 6000.000000 -3.23804348043636e-07
0.777778 89.333333 6000.000000 -3.23989739102239e-07
0.888889 89.333333 6000.000000 -3.23682776384006e-07
1.000000 89.333333 6000.000000 -3.23493104544822e-07
0.000000 89.444444 6000.000000 -3.21955801015774e-07
0.111111 89.444444 6000.000000 -3.21289834521928e-07
0.222222 89.444444 6000.000000 -3.20656346794225e-07
0.333333 89.444444 6000.000000 -3.20536188137038e-07
0.444444 89.444444 6000.000000 -3.21279922980622e-07
0.555556 89.444444 6000.000000 -3.21279922992254e-07
0.666667 89.444444 6000.000000 -3.20536188321501e-07
0.777778 89.444444 6000.000000 -3.20656346769151e-07
0.888889 89.444444 6000.000000 -3.21289834449396e-07
1.000000 89.444444 6000.000000 -3.2195580106967e-07
0.000000 89.555556 6000.000000 -3.24397172409669e-07
0.111111 89.555556 6000.000000 -3.25412173797109e-07
0.222222 89.555556 6000.000000 -3.24926252830216e-07
0.333333 89.555556 6000.000000 -3.24855751360918e-07
0.444444 89.555556 6000.000000 -3.24804376075423e-07
0.555556 89.555556 6000.000000 -3.24804373236852e-07
0.666667 89.555556 6000.000000 -3.24855751380673e-07
0.777778 89.555556 6000.000000 -3.24926252869592e-07
0.888889 89.555556 6000.000000 -3.25412173278836e-07
1.000000 89.555556 6000.000000 -3.2439717244862e-07
0.000000 89.666667 6000.000000 -3.22814381455052e-07
0.111111 89.666667 6000.000000 -3.23057812900414e-07
0.222222 89.666667 6000.000000 -3.23309659020984e-07
0.333333 89.666667 6000.000000 -3.23315642930188e-07
0.444444 89.666667 6000.000000 -3.22662680634355e-07
0.555556 89.666667 6000.000000 -3.22662680680297e-07
0.666667 89.666667 6000.000000 -3.23315643006474e-07
0.777778 89.666667 6000.000000 -3.23309659056527e-07
0.888889 89.666667 6000.000000 -3.23057812750929e-07
1.000000 89.666667 6000.000000 -3.22814381419374e-07
0.000000 89.777778 6000.000000 -3.18808896475573e-07
0.111111 89.777778 6000.000000 -3.19095119771233e-07
0.222222 89.777778 6000.000000 -3.19147888143279e-07
0.333333 89.777778 6000.000000 -3.19043434197491e-07
0.444444 89.777778 6000.000000 -3.19093707630836e-07
0.555556 89.777778 6000.000000 -3.19093707679216e-07
0.666667 89.777778 6000.000000 -3.19043434276114e-07
0.777778 89.777778 6000.000000 -3.19147888189195e-07
0.888889 89.777778 6000.000000 -3.19095119841486e-07
1.000000 89.777778 6000.000000 -3.18808896450465e-07
0.000000 89.888889 6000.000000 -3.20297120651234e-07
0.111111 89.888889 6000.000000 -3.20336825427599e-07
0.222222 89.888889 6000.000000 -3.20454814140616e-07
0.333333 89.888889 6000.000000 -3.20540622466942e-07
0.444444 89.888889 6000.000000 -3.20550655884467e-07
0.555556 89.888889 6000.000000 -3.20550655878137e-07
0.666667 89.888889 6000.000000 -3.20540622516711e-07
0.777778 89.888889 6000.000000 -3.20454814117699e-07
0.888889 89.888889 6000.000000 -3.20336825383756e-07
1.000000 89.888889 6000.000000 -3.20297120624831e-07
0.000000 90.000000 6000.000000 -3.33145340326394e-07
0.111111 90.000000 6000.000000 -3.33145340326394e-07
0.222222 90.000000 6000.000000 -3.33145340326394e-07
0.333333 90.000000 6000.000000 -3.33145340326394e-07
0.444444 90.000000 6000.000000 -3.33145340326394e-07
0.555556 90.000000 6000.000000 -3.33145340326394e-07
0.666667 90.000000 6000.000000 -3.33145340326394e-07
0.777778 90.000000 6000.000000 -3.33145340326394e-07
0.888889 90.000000 6000.000000 -3.33145340326394e-07
1.000000 90.000000 6000.000000 -3.33145340326394e-07
