# gzzz component calculated with tessgzzz 2017:
#   local time: Sun Mar 11 03:15:12 2018
#   model file: tesseroid_vs_spherical_shell_files/model-size1.0.tess (64800 tesseroids)
#   GLQ order: 2 lon / 2 lat / 2 r
#   Use recursive division of tesseroids: True
#   Distance-size ratio for recusive division: 27.5
0.000000 89.000000 150000.000000 -3.00949407836549e-07
0.111111 89.000000 150000.000000 -3.00949408351451e-07
0.222222 89.000000 150000.000000 -3.00949408755661e-07
0.333333 89.000000 150000.000000 -3.00949410706768e-07
0.444444 89.000000 150000.000000 -3.00949410488148e-07
0.555556 89.000000 150000.000000 -3.00949410488156e-07
0.666667 89.000000 150000.000000 -3.00949410706745e-07
0.777778 89.000000 150000.000000 -3.00949408755712e-07
0.888889 89.000000 150000.000000 -3.00949408351651e-07
1.000000 89.000000 150000.000000 -3.00949407836591e-07
0.000000 89.111111 150000.000000 -3.00949578458514e-07
0.111111 89.111111 150000.000000 -3.00949577244543e-07
0.222222 89.111111 150000.000000 -3.00949576441162e-07
0.333333 89.111111 150000.000000 -3.0094957849967e-07
0.444444 89.111111 150000.000000 -3.00949580101203e-07
0.555556 89.111111 150000.000000 -3.00949580101162e-07
0.666667 89.111111 150000.000000 -3.0094957849982e-07
0.777778 89.111111 150000.000000 -3.00949576441209e-07
0.888889 89.111111 150000.000000 -3.00949577244459e-07
1.000000 89.111111 150000.000000 -3.00949578458527e-07
0.000000 89.222222 150000.000000 -3.00949606818622e-07
0.111111 89.222222 150000.000000 -3.00949604344546e-07
0.222222 89.222222 150000.000000 -3.009496039083e-07
0.333333 89.222222 150000.000000 -3.0094960243044e-07
0.444444 89.222222 150000.000000 -3.00949603041207e-07
0.555556 89.222222 150000.000000 -3.0094960304122e-07
0.666667 89.222222 150000.000000 -3.00949602430455e-07
0.777778 89.222222 150000.000000 -3.00949603908376e-07
0.888889 89.222222 150000.000000 -3.00949604344632e-07
1.000000 89.222222 150000.000000 -3.00949606818568e-07
0.000000 89.333333 150000.000000 -3.00949558692251e-07
0.111111 89.333333 150000.000000 -3.00949555000525e-07
0.222222 89.333333 150000.000000 -3.00949552439844e-07
0.333333 89.333333 150000.000000 -3.00949552532978e-07
0.444444 89.333333 150000.000000 -3.0094955137181e-07
0.555556 89.333333 150000.000000 -3.00949551371816e-07
0.666667 89.333333 150000.000000 -3.00949552533014e-07
0.777778 89.333333 150000.000000 -3.00949552439846e-07
0.888889 89.333333 150000.000000 -3.00949555000601e-07
1.000000 89.333333 150000.000000 -3.00949558692247e-07
0.000000 89.444444 150000.000000 -3.0094938339285e-07
0.111111 89.444444 150000.000000 -3.00949381414997e-07
0.222222 89.444444 150000.000000 -3.00949383332547e-07
0.333333 89.444444 150000.000000 -3.00949386480473e-07
0.444444 89.444444 150000.000000 -3.00949385411807e-07
0.555556 89.444444 150000.000000 -3.00949385411776e-07
0.666667 89.444444 150000.000000 -3.00949386480362e-07
0.777778 89.444444 150000.000000 -3.00949383332386e-07
0.888889 89.444444 150000.000000 -3.00949381414911e-07
1.000000 89.444444 150000.000000 -3.00949383392873e-07
0.000000 89.555556 150000.000000 -3.00949150456042e-07
0.111111 89.555556 150000.000000 -3.00949152797532e-07
0.222222 89.555556 150000.000000 -3.0094915385507e-07
0.333333 89.555556 150000.000000 -3.00949153039049e-07
0.444444 89.555556 150000.000000 -3.00949151943791e-07
0.555556 89.555556 150000.000000 -3.00949151943804e-07
0.666667 89.555556 150000.000000 -3.00949153038959e-07
0.777778 89.555556 150000.000000 -3.00949153855018e-07
0.888889 89.555556 150000.000000 -3.0094915279758e-07
1.000000 89.555556 150000.000000 -3.00949150456038e-07
0.000000 89.666667 150000.000000 -3.00948879840735e-07
0.111111 89.666667 150000.000000 -3.00948882312307e-07
0.222222 89.666667 150000.000000 -3.0094888467806e-07
0.333333 89.666667 150000.000000 -3.00948884617422e-07
0.444444 89.666667 150000.000000 -3.00948886896577e-07
0.555556 89.666667 150000.000000 -3.00948886896564e-07
0.666667 89.666667 150000.000000 -3.0094888461734e-07
0.777778 89.666667 150000.000000 -3.00948884677984e-07
0.888889 89.666667 150000.000000 -3.00948882312238e-07
1.000000 89.666667 150000.000000 -3.00948879840741e-07
0.000000 89.777778 150000.000000 -3.00948652364394e-07
0.111111 89.777778 150000.000000 -3.00948653597587e-07
0.222222 89.777778 150000.000000 -3.00948654771556e-07
0.333333 89.777778 150000.000000 -3.00948653728674e-07
0.444444 89.777778 150000.000000 -3.00948654952988e-07
0.555556 89.777778 150000.000000 -3.00948654953187e-07
0.666667 89.777778 150000.000000 -3.00948653728665e-07
0.777778 89.777778 150000.000000 -3.00948654771349e-07
0.888889 89.777778 150000.000000 -3.00948653597465e-07
1.000000 89.777778 150000.000000 -3.00948652364394e-07
0.000000 89.888889 150000.000000 -3.00948472793555e-07
0.111111 89.888889 150000.000000 -3.00948472793633e-07
0.222222 89.888889 150000.000000 -3.00948471578891e-07
0.333333 89.888889 150000.000000 -3.0094847044757e-07
0.444444 89.888889 150000.000000 -3.00948471647205e-07
0.555556 89.888889 150000.000000 -3.00948471647307e-07
0.666667 89.888889 150000.000000 -3.00948470447429e-07
0.777778 89.888889 150000.000000 -3.00948471578867e-07
0.888889 89.888889 150000.000000 -3.00948472793469e-07
1.000000 89.888889 150000.000000 -3.00948472793562e-07
0.000000 90.000000 150000.000000 -3.00948377700686e-07
0.111111 90.000000 150000.000000 -3.00948377700686e-07
0.222222 90.000000 150000.000000 -3.00948377700686e-07
0.333333 90.000000 150000.000000 -3.00948377700686e-07
0.444444 90.000000 150000.000000 -3.00948377700686e-07
0.555556 90.000000 150000.000000 -3.00948377700686e-07
0.666667 90.000000 150000.000000 -3.00948377700686e-07
0.777778 90.000000 150000.000000 -3.00948377700686e-07
0.888889 90.000000 150000.000000 -3.00948377700686e-07
1.000000 90.000000 150000.000000 -3.00948377700686e-07
