# gzzz component calculated with tessgzzz 2017:
#   local time: Sun Mar 11 02:52:47 2018
#   model file: tesseroid_vs_spherical_shell_files/model-size1.0.tess (64800 tesseroids)
#   GLQ order: 2 lon / 2 lat / 2 r
#   Use recursive division of tesseroids: True
#   Distance-size ratio for recusive division: 17.5
0.000000 89.000000 6000.000000 -3.21915161862073e-07
0.111111 89.000000 6000.000000 -3.22003755689648e-07
0.222222 89.000000 6000.000000 -3.21823593687667e-07
0.333333 89.000000 6000.000000 -3.21914998796977e-07
0.444444 89.000000 6000.000000 -3.21893883977742e-07
0.555556 89.000000 6000.000000 -3.21893884208034e-07
0.666667 89.000000 6000.000000 -3.21914998863976e-07
0.777778 89.000000 6000.000000 -3.21823593612847e-07
0.888889 89.000000 6000.000000 -3.22003755729433e-07
1.000000 89.000000 6000.000000 -3.21915161851991e-07
0.000000 89.111111 6000.000000 -3.23685463657491e-07
0.111111 89.111111 6000.000000 -3.23941617596457e-07
0.222222 89.111111 6000.000000 -3.23877153185564e-07
0.333333 89.111111 6000.000000 -3.23631841113983e-07
0.444444 89.111111 6000.000000 -3.23573792554874e-07
0.555556 89.111111 6000.000000 -3.23573792596255e-07
0.666667 89.111111 6000.000000 -3.2363184114928e-07
0.777778 89.111111 6000.000000 -3.23877153170071e-07
0.888889 89.111111 6000.000000 -3.23941636852081e-07
1.000000 89.111111 6000.000000 -3.23685463602848e-07
0.000000 89.222222 6000.000000 -3.23611280263897e-07
0.111111 89.222222 6000.000000 -3.23407628879577e-07
0.222222 89.222222 6000.000000 -3.23678360235911e-07
0.333333 89.222222 6000.000000 -3.234958873624e-07
0.444444 89.222222 6000.000000 -3.23738124453156e-07
0.555556 89.222222 6000.000000 -3.23738124596439e-07
0.666667 89.222222 6000.000000 -3.23495887413151e-07
0.777778 89.222222 6000.000000 -3.23678360211319e-07
0.888889 89.222222 6000.000000 -3.23407629083761e-07
1.000000 89.222222 6000.000000 -3.23611280212844e-07
0.000000 89.333333 6000.000000 -3.28114282403733e-07
0.111111 89.333333 6000.000000 -3.28783398811667e-07
0.222222 89.333333 6000.000000 -3.2862572481462e-07
0.333333 89.333333 6000.000000 -3.28736117240696e-07
0.444444 89.333333 6000.000000 -3.28606133235043e-07
0.555556 89.333333 6000.000000 -3.28606133370654e-07
0.666667 89.333333 6000.000000 -3.28736117191327e-07
0.777778 89.333333 6000.000000 -3.28625724828023e-07
0.888889 89.333333 6000.000000 -3.28783398873844e-07
1.000000 89.333333 6000.000000 -3.28114282440183e-07
0.000000 89.444444 6000.000000 -3.23401472873388e-07
0.111111 89.444444 6000.000000 -3.23292510139048e-07
0.222222 89.444444 6000.000000 -3.23345252842333e-07
0.333333 89.444444 6000.000000 -3.23194963340796e-07
0.444444 89.444444 6000.000000 -3.2345389401335e-07
0.555556 89.444444 6000.000000 -3.23453894076968e-07
0.666667 89.444444 6000.000000 -3.23194963456643e-07
0.777778 89.444444 6000.000000 -3.23345252993686e-07
0.888889 89.444444 6000.000000 -3.23292510260469e-07
1.000000 89.444444 6000.000000 -3.23401472866324e-07
0.000000 89.555556 6000.000000 -3.21070096186193e-07
0.111111 89.555556 6000.000000 -3.21387150647938e-07
0.222222 89.555556 6000.000000 -3.2164336254094e-07
0.333333 89.555556 6000.000000 -3.21648735771062e-07
0.444444 89.555556 6000.000000 -3.21203721930868e-07
0.555556 89.555556 6000.000000 -3.21203721912757e-07
0.666667 89.555556 6000.000000 -3.21648735515346e-07
0.777778 89.555556 6000.000000 -3.21643362583714e-07
0.888889 89.555556 6000.000000 -3.21387150397532e-07
1.000000 89.555556 6000.000000 -3.21070096219866e-07
0.000000 89.666667 6000.000000 -3.28174273829326e-07
0.111111 89.666667 6000.000000 -3.28239615737152e-07
0.222222 89.666667 6000.000000 -3.2834043396339e-07
0.333333 89.666667 6000.000000 -3.28202470343529e-07
0.444444 89.666667 6000.000000 -3.28129294500834e-07
0.555556 89.666667 6000.000000 -3.28129294515983e-07
0.666667 89.666667 6000.000000 -3.28202470369011e-07
0.777778 89.666667 6000.000000 -3.28340434036456e-07
0.888889 89.666667 6000.000000 -3.28239615757924e-07
1.000000 89.666667 6000.000000 -3.28174273789002e-07
0.000000 89.777778 6000.000000 -3.20422182348164e-07
0.111111 89.777778 6000.000000 -3.20844455202408e-07
0.222222 89.777778 6000.000000 -3.20956524865781e-07
0.333333 89.777778 6000.000000 -3.2094591530158e-07
0.444444 89.777778 6000.000000 -3.20901063895932e-07
0.555556 89.777778 6000.000000 -3.20901063848214e-07
0.666667 89.777778 6000.000000 -3.20945915365054e-07
0.777778 89.777778 6000.000000 -3.2095652485443e-07
0.888889 89.777778 6000.000000 -3.20844455145427e-07
1.000000 89.777778 6000.000000 -3.20422182266343e-07
0.000000 89.888889 6000.000000 -3.23539221647412e-07
0.111111 89.888889 6000.000000 -3.23612632514989e-07
0.222222 89.888889 6000.000000 -3.23561771909877e-07
0.333333 89.888889 6000.000000 -3.23599113525078e-07
0.444444 89.888889 6000.000000 -3.236229046638e-07
0.555556 89.888889 6000.000000 -3.23622904693041e-07
0.666667 89.888889 6000.000000 -3.23599113610057e-07
0.777778 89.888889 6000.000000 -3.23561771940369e-07
0.888889 89.888889 6000.000000 -3.23612632455188e-07
1.000000 89.888889 6000.000000 -3.23539221611715e-07
0.000000 90.000000 6000.000000 -3.20552095492712e-07
0.111111 90.000000 6000.000000 -3.20552095492712e-07
0.222222 90.000000 6000.000000 -3.20552095492712e-07
0.333333 90.000000 6000.000000 -3.20552095492712e-07
0.444444 90.000000 6000.000000 -3.20552095492712e-07
0.555556 90.000000 6000.000000 -3.20552095492712e-07
0.666667 90.000000 6000.000000 -3.20552095492712e-07
0.777778 90.000000 6000.000000 -3.20552095492712e-07
0.888889 90.000000 6000.000000 -3.20552095492712e-07
1.000000 90.000000 6000.000000 -3.20552095492712e-07
