# gzzz component calculated with tessgzzz 2017:
#   local time: Sun Mar 11 03:07:29 2018
#   model file: tesseroid_vs_spherical_shell_files/model-size1.0.tess (64800 tesseroids)
#   GLQ order: 2 lon / 2 lat / 2 r
#   Use recursive division of tesseroids: True
#   Distance-size ratio for recusive division: 32.5
0.000000 89.000000 10000.000000 -3.2806672584574e-07
0.111111 89.000000 10000.000000 -3.28066769990595e-07
0.222222 89.000000 10000.000000 -3.28066214007159e-07
0.333333 89.000000 10000.000000 -3.28067108965269e-07
0.444444 89.000000 10000.000000 -3.28066444686077e-07
0.555556 89.000000 10000.000000 -3.2806644425421e-07
0.666667 89.000000 10000.000000 -3.28067108854108e-07
0.777778 89.000000 10000.000000 -3.28066213846084e-07
0.888889 89.000000 10000.000000 -3.28066770002585e-07
1.000000 89.000000 10000.000000 -3.28066725856207e-07
0.000000 89.111111 10000.000000 -3.28046219195971e-07
0.111111 89.111111 10000.000000 -3.2804942525963e-07
0.222222 89.111111 10000.000000 -3.28053567553212e-07
0.333333 89.111111 10000.000000 -3.28050843992322e-07
0.444444 89.111111 10000.000000 -3.28051495294242e-07
0.555556 89.111111 10000.000000 -3.28051495313006e-07
0.666667 89.111111 10000.000000 -3.28050843939753e-07
0.777778 89.111111 10000.000000 -3.28053567551723e-07
0.888889 89.111111 10000.000000 -3.28049426305196e-07
1.000000 89.111111 10000.000000 -3.28046219200141e-07
0.000000 89.222222 10000.000000 -3.2807120129558e-07
0.111111 89.222222 10000.000000 -3.28072071009185e-07
0.222222 89.222222 10000.000000 -3.28070758634438e-07
0.333333 89.222222 10000.000000 -3.28071646281733e-07
0.444444 89.222222 10000.000000 -3.28073148901514e-07
0.555556 89.222222 10000.000000 -3.28073148849542e-07
0.666667 89.222222 10000.000000 -3.28071646331206e-07
0.777778 89.222222 10000.000000 -3.28070758486431e-07
0.888889 89.222222 10000.000000 -3.28072071039782e-07
1.000000 89.222222 10000.000000 -3.28071201269514e-07
0.000000 89.333333 10000.000000 -3.28188334418836e-07
0.111111 89.333333 10000.000000 -3.28192484779553e-07
0.222222 89.333333 10000.000000 -3.28190946075086e-07
0.333333 89.333333 10000.000000 -3.28193886712275e-07
0.444444 89.333333 10000.000000 -3.28191222359844e-07
0.555556 89.333333 10000.000000 -3.28191222375745e-07
0.666667 89.333333 10000.000000 -3.28193886723282e-07
0.777778 89.333333 10000.000000 -3.28190946041532e-07
0.888889 89.333333 10000.000000 -3.28192484731502e-07
1.000000 89.333333 10000.000000 -3.28188334372232e-07
0.000000 89.444444 10000.000000 -3.28087503341745e-07
0.111111 89.444444 10000.000000 -3.28088145658804e-07
0.222222 89.444444 10000.000000 -3.28088099242956e-07
0.333333 89.444444 10000.000000 -3.28089066507835e-07
0.444444 89.444444 10000.000000 -3.28085094784744e-07
0.555556 89.444444 10000.000000 -3.28085094839161e-07
0.666667 89.444444 10000.000000 -3.28089066477321e-07
0.777778 89.444444 10000.000000 -3.28088099214216e-07
0.888889 89.444444 10000.000000 -3.28088145703802e-07
1.000000 89.444444 10000.000000 -3.28087503303749e-07
0.000000 89.555556 10000.000000 -3.28026727154314e-07
0.111111 89.555556 10000.000000 -3.2802758036411e-07
0.222222 89.555556 10000.000000 -3.28033175471124e-07
0.333333 89.555556 10000.000000 -3.28030713871018e-07
0.444444 89.555556 10000.000000 -3.28027875695917e-07
0.555556 89.555556 10000.000000 -3.28027875720085e-07
0.666667 89.555556 10000.000000 -3.28030713597327e-07
0.777778 89.555556 10000.000000 -3.28033175493633e-07
0.888889 89.555556 10000.000000 -3.28027580363826e-07
1.000000 89.555556 10000.000000 -3.28026727197662e-07
0.000000 89.666667 10000.000000 -3.28152987597834e-07
0.111111 89.666667 10000.000000 -3.2815213456676e-07
0.222222 89.666667 10000.000000 -3.2815214684752e-07
0.333333 89.666667 10000.000000 -3.28151949270031e-07
0.444444 89.666667 10000.000000 -3.28154546948509e-07
0.555556 89.666667 10000.000000 -3.28154546949765e-07
0.666667 89.666667 10000.000000 -3.28151949290554e-07
0.777778 89.666667 10000.000000 -3.28152146868442e-07
0.888889 89.666667 10000.000000 -3.28152134605027e-07
1.000000 89.666667 10000.000000 -3.28152987595448e-07
0.000000 89.777778 10000.000000 -3.2805040598176e-07
0.111111 89.777778 10000.000000 -3.2805093393199e-07
0.222222 89.777778 10000.000000 -3.2804802243511e-07
0.333333 89.777778 10000.000000 -3.28048027528311e-07
0.444444 89.777778 10000.000000 -3.28044221501403e-07
0.555556 89.777778 10000.000000 -3.28044221495444e-07
0.666667 89.777778 10000.000000 -3.2804802754709e-07
0.777778 89.777778 10000.000000 -3.28048022307701e-07
0.888889 89.777778 10000.000000 -3.28050933924979e-07
1.000000 89.777778 10000.000000 -3.28050405975022e-07
0.000000 89.888889 10000.000000 -3.28138898426795e-07
0.111111 89.888889 10000.000000 -3.28138992081057e-07
0.222222 89.888889 10000.000000 -3.28138671765728e-07
0.333333 89.888889 10000.000000 -3.28138707933335e-07
0.444444 89.888889 10000.000000 -3.28138468229086e-07
0.555556 89.888889 10000.000000 -3.2813846822784e-07
0.666667 89.888889 10000.000000 -3.28138707944302e-07
0.777778 89.888889 10000.000000 -3.28138671761025e-07
0.888889 89.888889 10000.000000 -3.28138992061349e-07
1.000000 89.888889 10000.000000 -3.28138898421317e-07
0.000000 90.000000 10000.000000 -3.27867757827735e-07
0.111111 90.000000 10000.000000 -3.27867757827735e-07
0.222222 90.000000 10000.000000 -3.27867757827735e-07
0.333333 90.000000 10000.000000 -3.27867757827735e-07
0.444444 90.000000 10000.000000 -3.27867757827735e-07
0.555556 90.000000 10000.000000 -3.27867757827735e-07
0.666667 90.000000 10000.000000 -3.27867757827735e-07
0.777778 90.000000 10000.000000 -3.27867757827735e-07
0.888889 90.000000 10000.000000 -3.27867757827735e-07
1.000000 90.000000 10000.000000 -3.27867757827735e-07
