# gzzz component calculated with tessgzzz 2017:
#   local time: Sun Mar 11 03:11:49 2018
#   model file: tesseroid_vs_spherical_shell_files/model-size1.0.tess (64800 tesseroids)
#   GLQ order: 2 lon / 2 lat / 2 r
#   Use recursive division of tesseroids: True
#   Distance-size ratio for recusive division: 20
0.000000 89.000000 50000.000000 -3.20096973784392e-07
0.111111 89.000000 50000.000000 -3.20096762234729e-07
0.222222 89.000000 50000.000000 -3.20096616271617e-07
0.333333 89.000000 50000.000000 -3.20096484124772e-07
0.444444 89.000000 50000.000000 -3.20096368578493e-07
0.555556 89.000000 50000.000000 -3.20096368576623e-07
0.666667 89.000000 50000.000000 -3.200964841223e-07
0.777778 89.000000 50000.000000 -3.20096616271698e-07
0.888889 89.000000 50000.000000 -3.20096762234558e-07
1.000000 89.000000 50000.000000 -3.20096973784052e-07
0.000000 89.111111 50000.000000 -3.2009625305777e-07
0.111111 89.111111 50000.000000 -3.20096205755118e-07
0.222222 89.111111 50000.000000 -3.20096086961393e-07
0.333333 89.111111 50000.000000 -3.20096150581281e-07
0.444444 89.111111 50000.000000 -3.20096169761967e-07
0.555556 89.111111 50000.000000 -3.20096169760534e-07
0.666667 89.111111 50000.000000 -3.20096150581633e-07
0.777778 89.111111 50000.000000 -3.20096086961393e-07
0.888889 89.111111 50000.000000 -3.20096205755084e-07
1.000000 89.111111 50000.000000 -3.20096253057965e-07
0.000000 89.222222 50000.000000 -3.20097560078144e-07
0.111111 89.222222 50000.000000 -3.20097500778949e-07
0.222222 89.222222 50000.000000 -3.20097577547405e-07
0.333333 89.222222 50000.000000 -3.20097559841546e-07
0.444444 89.222222 50000.000000 -3.20097649091743e-07
0.555556 89.222222 50000.000000 -3.20097649092548e-07
0.666667 89.222222 50000.000000 -3.20097559841783e-07
0.777778 89.222222 50000.000000 -3.20097577547026e-07
0.888889 89.222222 50000.000000 -3.20097500779133e-07
1.000000 89.222222 50000.000000 -3.20097560078214e-07
0.000000 89.333333 50000.000000 -3.2010012959747e-07
0.111111 89.333333 50000.000000 -3.20100037477828e-07
0.222222 89.333333 50000.000000 -3.20100041273502e-07
0.333333 89.333333 50000.000000 -3.20099957863847e-07
0.444444 89.333333 50000.000000 -3.20099882284476e-07
0.555556 89.333333 50000.000000 -3.20099882283709e-07
0.666667 89.333333 50000.000000 -3.20099957863339e-07
0.777778 89.333333 50000.000000 -3.20100041273968e-07
0.888889 89.333333 50000.000000 -3.20100037476746e-07
1.000000 89.333333 50000.000000 -3.20100129597138e-07
0.000000 89.444444 50000.000000 -3.20106403553263e-07
0.111111 89.444444 50000.000000 -3.20106294394112e-07
0.222222 89.444444 50000.000000 -3.20106259382145e-07
0.333333 89.444444 50000.000000 -3.20106141628866e-07
0.444444 89.444444 50000.000000 -3.20106135289852e-07
0.555556 89.444444 50000.000000 -3.2010613528898e-07
0.666667 89.444444 50000.000000 -3.20106141628881e-07
0.777778 89.444444 50000.000000 -3.20106259382576e-07
0.888889 89.444444 50000.000000 -3.20106294393801e-07
1.000000 89.444444 50000.000000 -3.20106403553382e-07
0.000000 89.555556 50000.000000 -3.20124097903252e-07
0.111111 89.555556 50000.000000 -3.20124152693456e-07
0.222222 89.555556 50000.000000 -3.20124137799494e-07
0.333333 89.555556 50000.000000 -3.20124149692903e-07
0.444444 89.555556 50000.000000 -3.20124148029641e-07
0.555556 89.555556 50000.000000 -3.2012414802788e-07
0.666667 89.555556 50000.000000 -3.20124149691928e-07
0.777778 89.555556 50000.000000 -3.20124137800079e-07
0.888889 89.555556 50000.000000 -3.20124152693821e-07
1.000000 89.555556 50000.000000 -3.20124097903349e-07
0.000000 89.666667 50000.000000 -3.2012820490816e-07
0.111111 89.666667 50000.000000 -3.20128174027508e-07
0.222222 89.666667 50000.000000 -3.20128100445543e-07
0.333333 89.666667 50000.000000 -3.20128141082601e-07
0.444444 89.666667 50000.000000 -3.20128128842775e-07
0.555556 89.666667 50000.000000 -3.20128128843291e-07
0.666667 89.666667 50000.000000 -3.20128141082973e-07
0.777778 89.666667 50000.000000 -3.20128100445219e-07
0.888889 89.666667 50000.000000 -3.20128174027279e-07
1.000000 89.666667 50000.000000 -3.20128204908448e-07
0.000000 89.777778 50000.000000 -3.2011483837328e-07
0.111111 89.777778 50000.000000 -3.2011488143753e-07
0.222222 89.777778 50000.000000 -3.20114921709543e-07
0.333333 89.777778 50000.000000 -3.2011497303847e-07
0.444444 89.777778 50000.000000 -3.20114943310228e-07
0.555556 89.777778 50000.000000 -3.20114943310189e-07
0.666667 89.777778 50000.000000 -3.20114973038261e-07
0.777778 89.777778 50000.000000 -3.20114921710514e-07
0.888889 89.777778 50000.000000 -3.20114881437638e-07
1.000000 89.777778 50000.000000 -3.20114838373373e-07
0.000000 89.888889 50000.000000 -3.20087777868055e-07
0.111111 89.888889 50000.000000 -3.20087777878229e-07
0.222222 89.888889 50000.000000 -3.20087823858925e-07
0.333333 89.888889 50000.000000 -3.20087869510408e-07
0.444444 89.888889 50000.000000 -3.20087883352513e-07
0.555556 89.888889 50000.000000 -3.2008788335187e-07
0.666667 89.888889 50000.000000 -3.20087869510031e-07
0.777778 89.888889 50000.000000 -3.20087823858786e-07
0.888889 89.888889 50000.000000 -3.20087777878589e-07
1.000000 89.888889 50000.000000 -3.20087777868049e-07
0.000000 90.000000 50000.000000 -3.20067500024269e-07
0.111111 90.000000 50000.000000 -3.20067500024269e-07
0.222222 90.000000 50000.000000 -3.20067500024269e-07
0.333333 90.000000 50000.000000 -3.20067500024269e-07
0.444444 90.000000 50000.000000 -3.20067500024269e-07
0.555556 90.000000 50000.000000 -3.20067500024269e-07
0.666667 90.000000 50000.000000 -3.20067500024269e-07
0.777778 90.000000 50000.000000 -3.20067500024269e-07
0.888889 90.000000 50000.000000 -3.20067500024269e-07
1.000000 90.000000 50000.000000 -3.20067500024269e-07
