# gzzz component calculated with tessgzzz 2017:
#   local time: Sun Mar 11 03:14:34 2018
#   model file: tesseroid_vs_spherical_shell_files/model-size1.0.tess (64800 tesseroids)
#   GLQ order: 2 lon / 2 lat / 2 r
#   Use recursive division of tesseroids: True
#   Distance-size ratio for recusive division: 12.5
0.000000 89.000000 150000.000000 -3.00974991734748e-07
0.111111 89.000000 150000.000000 -3.00975003611842e-07
0.222222 89.000000 150000.000000 -3.00975211576337e-07
0.333333 89.000000 150000.000000 -3.00975092434791e-07
0.444444 89.000000 150000.000000 -3.00975068110411e-07
0.555556 89.000000 150000.000000 -3.00975068110456e-07
0.666667 89.000000 150000.000000 -3.00975092434687e-07
0.777778 89.000000 150000.000000 -3.0097521157645e-07
0.888889 89.000000 150000.000000 -3.00975003611833e-07
1.000000 89.000000 150000.000000 -3.00974991734748e-07
0.000000 89.111111 150000.000000 -3.00976999168154e-07
0.111111 89.111111 150000.000000 -3.00977055015681e-07
0.222222 89.111111 150000.000000 -3.00977019650146e-07
0.333333 89.111111 150000.000000 -3.00977081975288e-07
0.444444 89.111111 150000.000000 -3.00977018946441e-07
0.555556 89.111111 150000.000000 -3.00977018946489e-07
0.666667 89.111111 150000.000000 -3.00977081975266e-07
0.777778 89.111111 150000.000000 -3.0097701965001e-07
0.888889 89.111111 150000.000000 -3.00977055015758e-07
1.000000 89.111111 150000.000000 -3.00976999168135e-07
0.000000 89.222222 150000.000000 -3.00975497290441e-07
0.111111 89.222222 150000.000000 -3.00975380927988e-07
0.222222 89.222222 150000.000000 -3.00975605265549e-07
0.333333 89.222222 150000.000000 -3.00975575932967e-07
0.444444 89.222222 150000.000000 -3.00975467102713e-07
0.555556 89.222222 150000.000000 -3.0097546710258e-07
0.666667 89.222222 150000.000000 -3.00975575933018e-07
0.777778 89.222222 150000.000000 -3.00975605265447e-07
0.888889 89.222222 150000.000000 -3.00975380927966e-07
1.000000 89.222222 150000.000000 -3.00975497290441e-07
0.000000 89.333333 150000.000000 -3.00988639503197e-07
0.111111 89.333333 150000.000000 -3.00988685525161e-07
0.222222 89.333333 150000.000000 -3.00988765745532e-07
0.333333 89.333333 150000.000000 -3.00988747740362e-07
0.444444 89.333333 150000.000000 -3.00988583575435e-07
0.555556 89.333333 150000.000000 -3.00988583575416e-07
0.666667 89.333333 150000.000000 -3.00988747740317e-07
0.777778 89.333333 150000.000000 -3.00988765745544e-07
0.888889 89.333333 150000.000000 -3.00988685525186e-07
1.000000 89.333333 150000.000000 -3.00988639503215e-07
0.000000 89.444444 150000.000000 -3.00994692687899e-07
0.111111 89.444444 150000.000000 -3.00994638588384e-07
0.222222 89.444444 150000.000000 -3.00994619909441e-07
0.333333 89.444444 150000.000000 -3.00994459728778e-07
0.444444 89.444444 150000.000000 -3.00994528747484e-07
0.555556 89.444444 150000.000000 -3.00994528747408e-07
0.666667 89.444444 150000.000000 -3.00994459728796e-07
0.777778 89.444444 150000.000000 -3.00994619909471e-07
0.888889 89.444444 150000.000000 -3.00994638588244e-07
1.000000 89.444444 150000.000000 -3.00994692687899e-07
0.000000 89.555556 150000.000000 -3.00996443511146e-07
0.111111 89.555556 150000.000000 -3.00996442169465e-07
0.222222 89.555556 150000.000000 -3.00996496636562e-07
0.333333 89.555556 150000.000000 -3.00996399658704e-07
0.444444 89.555556 150000.000000 -3.009963766137e-07
0.555556 89.555556 150000.000000 -3.00996376613728e-07
0.666667 89.555556 150000.000000 -3.00996399658586e-07
0.777778 89.555556 150000.000000 -3.00996496636778e-07
0.888889 89.555556 150000.000000 -3.0099644216953e-07
1.000000 89.555556 150000.000000 -3.00996443511155e-07
0.000000 89.666667 150000.000000 -3.00994801060296e-07
0.111111 89.666667 150000.000000 -3.00994919802206e-07
0.222222 89.666667 150000.000000 -3.00994919794991e-07
0.333333 89.666667 150000.000000 -3.009948669872e-07
0.444444 89.666667 150000.000000 -3.00994793460778e-07
0.555556 89.666667 150000.000000 -3.00994793460863e-07
0.666667 89.666667 150000.000000 -3.00994866987157e-07
0.777778 89.666667 150000.000000 -3.0099491979507e-07
0.888889 89.666667 150000.000000 -3.00994919802232e-07
1.000000 89.666667 150000.000000 -3.00994801060308e-07
0.000000 89.777778 150000.000000 -3.00992436416821e-07
0.111111 89.777778 150000.000000 -3.009923911142e-07
0.222222 89.777778 150000.000000 -3.00992386721595e-07
0.333333 89.777778 150000.000000 -3.00992331340848e-07
0.444444 89.777778 150000.000000 -3.00992252730371e-07
0.555556 89.777778 150000.000000 -3.00992252730329e-07
0.666667 89.777778 150000.000000 -3.0099233134076e-07
0.777778 89.777778 150000.000000 -3.00992386721736e-07
0.888889 89.777778 150000.000000 -3.00992391114086e-07
1.000000 89.777778 150000.000000 -3.00992436416806e-07
0.000000 89.888889 150000.000000 -3.00992760296069e-07
0.111111 89.888889 150000.000000 -3.00992760296883e-07
0.222222 89.888889 150000.000000 -3.00992624914615e-07
0.333333 89.888889 150000.000000 -3.00992634167201e-07
0.444444 89.888889 150000.000000 -3.00992634166153e-07
0.555556 89.888889 150000.000000 -3.00992634166043e-07
0.666667 89.888889 150000.000000 -3.00992634167263e-07
0.777778 89.888889 150000.000000 -3.00992624914574e-07
0.888889 89.888889 150000.000000 -3.00992760296983e-07
1.000000 89.888889 150000.000000 -3.00992760296068e-07
0.000000 90.000000 150000.000000 -3.00999257538324e-07
0.111111 90.000000 150000.000000 -3.00999257538324e-07
0.222222 90.000000 150000.000000 -3.00999257538324e-07
0.333333 90.000000 150000.000000 -3.00999257538324e-07
0.444444 90.000000 150000.000000 -3.00999257538324e-07
0.555556 90.000000 150000.000000 -3.00999257538324e-07
0.666667 90.000000 150000.000000 -3.00999257538324e-07
0.777778 90.000000 150000.000000 -3.00999257538324e-07
0.888889 90.000000 150000.000000 -3.00999257538324e-07
1.000000 90.000000 150000.000000 -3.00999257538324e-07
