# gzzz component calculated with tessgzzz 2017:
#   local time: Sun Mar 11 03:06:21 2018
#   model file: tesseroid_vs_spherical_shell_files/model-size1.0.tess (64800 tesseroids)
#   GLQ order: 2 lon / 2 lat / 2 r
#   Use recursive division of tesseroids: True
#   Distance-size ratio for recusive division: 17.5
0.000000 89.000000 10000.000000 -3.27047771134256e-07
0.111111 89.000000 10000.000000 -3.27013921669405e-07
0.222222 89.000000 10000.000000 -3.26958385324651e-07
0.333333 89.000000 10000.000000 -3.26994690479607e-07
0.444444 89.000000 10000.000000 -3.27030794562149e-07
0.555556 89.000000 10000.000000 -3.27030794640125e-07
0.666667 89.000000 10000.000000 -3.26994690502043e-07
0.777778 89.000000 10000.000000 -3.26958385331592e-07
0.888889 89.000000 10000.000000 -3.27013921711972e-07
1.000000 89.000000 10000.000000 -3.27047771146109e-07
0.000000 89.111111 10000.000000 -3.26649923813606e-07
0.111111 89.111111 10000.000000 -3.26695616303981e-07
0.222222 89.111111 10000.000000 -3.26797476416291e-07
0.333333 89.111111 10000.000000 -3.26743043273034e-07
0.444444 89.111111 10000.000000 -3.26694595141553e-07
0.555556 89.111111 10000.000000 -3.26694595163711e-07
0.666667 89.111111 10000.000000 -3.26743043278034e-07
0.777778 89.111111 10000.000000 -3.26797476442638e-07
0.888889 89.111111 10000.000000 -3.26695616301657e-07
1.000000 89.111111 10000.000000 -3.26649923811598e-07
0.000000 89.222222 10000.000000 -3.26820306431191e-07
0.111111 89.222222 10000.000000 -3.26765042390527e-07
0.222222 89.222222 10000.000000 -3.26654483048333e-07
0.333333 89.222222 10000.000000 -3.26687894673617e-07
0.444444 89.222222 10000.000000 -3.26722668052545e-07
0.555556 89.222222 10000.000000 -3.26722668071199e-07
0.666667 89.222222 10000.000000 -3.26687894633034e-07
0.777778 89.222222 10000.000000 -3.26654483036962e-07
0.888889 89.222222 10000.000000 -3.26765042261867e-07
1.000000 89.222222 10000.000000 -3.2682030642087e-07
0.000000 89.333333 10000.000000 -3.27209190867696e-07
0.111111 89.333333 10000.000000 -3.27209457649385e-07
0.222222 89.333333 10000.000000 -3.27117905372429e-07
0.333333 89.333333 10000.000000 -3.27175714337666e-07
0.444444 89.333333 10000.000000 -3.27225684248765e-07
0.555556 89.333333 10000.000000 -3.2722568426963e-07
0.666667 89.333333 10000.000000 -3.27175714380266e-07
0.777778 89.333333 10000.000000 -3.271179053933e-07
0.888889 89.333333 10000.000000 -3.27209457649823e-07
1.000000 89.333333 10000.000000 -3.27209190863882e-07
0.000000 89.444444 10000.000000 -3.28349403939492e-07
0.111111 89.444444 10000.000000 -3.28349742218731e-07
0.222222 89.444444 10000.000000 -3.28387076320311e-07
0.333333 89.444444 10000.000000 -3.28375299707106e-07
0.444444 89.444444 10000.000000 -3.28397274839201e-07
0.555556 89.444444 10000.000000 -3.28397274771637e-07
0.666667 89.444444 10000.000000 -3.28375299665333e-07
0.777778 89.444444 10000.000000 -3.28387076308622e-07
0.888889 89.444444 10000.000000 -3.28349742249676e-07
1.000000 89.444444 10000.000000 -3.28349403942519e-07
0.000000 89.555556 10000.000000 -3.26775871849047e-07
0.111111 89.555556 10000.000000 -3.26756163995322e-07
0.222222 89.555556 10000.000000 -3.26784342941749e-07
0.333333 89.555556 10000.000000 -3.26828176733723e-07
0.444444 89.555556 10000.000000 -3.26733967389501e-07
0.555556 89.555556 10000.000000 -3.26733967399371e-07
0.666667 89.555556 10000.000000 -3.26828176782188e-07
0.777778 89.555556 10000.000000 -3.26784342967004e-07
0.888889 89.555556 10000.000000 -3.26756164015841e-07
1.000000 89.555556 10000.000000 -3.26775871865362e-07
0.000000 89.666667 10000.000000 -3.26604134054472e-07
0.111111 89.666667 10000.000000 -3.26628597993214e-07
0.222222 89.666667 10000.000000 -3.26671114907436e-07
0.333333 89.666667 10000.000000 -3.26683323822689e-07
0.444444 89.666667 10000.000000 -3.26731979078648e-07
0.555556 89.666667 10000.000000 -3.26731979095752e-07
0.666667 89.666667 10000.000000 -3.26683323835193e-07
0.777778 89.666667 10000.000000 -3.26671114918909e-07
0.888889 89.666667 10000.000000 -3.26628598019713e-07
1.000000 89.666667 10000.000000 -3.26604134072332e-07
0.000000 89.777778 10000.000000 -3.27176314853513e-07
0.111111 89.777778 10000.000000 -3.27180927384716e-07
0.222222 89.777778 10000.000000 -3.27201732733206e-07
0.333333 89.777778 10000.000000 -3.27185822789302e-07
0.444444 89.777778 10000.000000 -3.27183417371608e-07
0.555556 89.777778 10000.000000 -3.27183417371509e-07
0.666667 89.777778 10000.000000 -3.27185822786976e-07
0.777778 89.777778 10000.000000 -3.27201732741453e-07
0.888889 89.777778 10000.000000 -3.27180927383835e-07
1.000000 89.777778 10000.000000 -3.27176314839177e-07
0.000000 89.888889 10000.000000 -3.2781230001673e-07
0.111111 89.888889 10000.000000 -3.27813007181894e-07
0.222222 89.888889 10000.000000 -3.27809553888124e-07
0.333333 89.888889 10000.000000 -3.2780321080441e-07
0.444444 89.888889 10000.000000 -3.27803828924664e-07
0.555556 89.888889 10000.000000 -3.27803828928437e-07
0.666667 89.888889 10000.000000 -3.27803210799414e-07
0.777778 89.888889 10000.000000 -3.27809553890711e-07
0.888889 89.888889 10000.000000 -3.27813007182991e-07
1.000000 89.888889 10000.000000 -3.27812300006338e-07
0.000000 90.000000 10000.000000 -3.24654925096776e-07
0.111111 90.000000 10000.000000 -3.24654925096776e-07
0.222222 90.000000 10000.000000 -3.24654925096776e-07
0.333333 90.000000 10000.000000 -3.24654925096776e-07
0.444444 90.000000 10000.000000 -3.24654925096776e-07
0.555556 90.000000 10000.000000 -3.24654925096776e-07
0.666667 90.000000 10000.000000 -3.24654925096776e-07
0.777778 90.000000 10000.000000 -3.24654925096776e-07
0.888889 90.000000 10000.000000 -3.24654925096776e-07
1.000000 90.000000 10000.000000 -3.24654925096776e-07
