# gzzz component calculated with tessgzzz 2017:
#   local time: Sun Mar 11 02:42:14 2018
#   model file: tesseroid_vs_spherical_shell_files/model-size1.0.tess (64800 tesseroids)
#   GLQ order: 2 lon / 2 lat / 2 r
#   Use recursive division of tesseroids: True
#   Distance-size ratio for recusive division: 7.5
0.000000 89.000000 4000.000000 -6.48736184053752e-07
0.111111 89.000000 4000.000000 -6.72527514604138e-07
0.222222 89.000000 4000.000000 -5.8670977416228e-07
0.333333 89.000000 4000.000000 -6.5172505021601e-07
0.444444 89.000000 4000.000000 -5.78495127808016e-07
0.555556 89.000000 4000.000000 -5.78495127884158e-07
0.666667 89.000000 4000.000000 -6.51725050310779e-07
0.777778 89.000000 4000.000000 -5.86709774983642e-07
0.888889 89.000000 4000.000000 -6.72527514578544e-07
1.000000 89.000000 4000.000000 -6.48736184183006e-07
0.000000 89.111111 4000.000000 -6.41436863399683e-07
0.111111 89.111111 4000.000000 -5.56764911792859e-07
0.222222 89.111111 4000.000000 -6.47283048393831e-07
0.333333 89.111111 4000.000000 -5.38636260358794e-07
0.444444 89.111111 4000.000000 -5.51286068637551e-07
0.555556 89.111111 4000.000000 -5.51286068680262e-07
0.666667 89.111111 4000.000000 -5.38636260353119e-07
0.777778 89.111111 4000.000000 -6.47283048408291e-07
0.888889 89.111111 4000.000000 -5.56765132072607e-07
1.000000 89.111111 4000.000000 -6.41436863477361e-07
0.000000 89.222222 4000.000000 -3.20377466900162e-07
0.111111 89.222222 4000.000000 -3.40475877451254e-07
0.222222 89.222222 4000.000000 -3.18357158280407e-07
0.333333 89.222222 4000.000000 -3.32624051687219e-07
0.444444 89.222222 4000.000000 -3.25785791624704e-07
0.555556 89.222222 4000.000000 -3.25785791646229e-07
0.666667 89.222222 4000.000000 -3.32624068500421e-07
0.777778 89.222222 4000.000000 -3.18357158291606e-07
0.888889 89.222222 4000.000000 -3.40475877577629e-07
1.000000 89.222222 4000.000000 -3.20377466796536e-07
0.000000 89.333333 4000.000000 -2.84706923062306e-07
0.111111 89.333333 4000.000000 -2.66395013186148e-07
0.222222 89.333333 4000.000000 -2.50954959371163e-07
0.333333 89.333333 4000.000000 -2.64249394607602e-07
0.444444 89.333333 4000.000000 -2.59090554963313e-07
0.555556 89.333333 4000.000000 -2.59090555052829e-07
0.666667 89.333333 4000.000000 -2.64249394651529e-07
0.777778 89.333333 4000.000000 -2.50954959314648e-07
0.888889 89.333333 4000.000000 -2.66395013173483e-07
1.000000 89.333333 4000.000000 -2.84706923067158e-07
0.000000 89.444444 4000.000000 -4.95490779427356e-07
0.111111 89.444444 4000.000000 -5.53147627539188e-07
0.222222 89.444444 4000.000000 -5.095661194739e-07
0.333333 89.444444 4000.000000 -5.21999747522803e-07
0.444444 89.444444 4000.000000 -5.0709163770874e-07
0.555556 89.444444 4000.000000 -5.07091637759406e-07
0.666667 89.444444 4000.000000 -5.2199974766665e-07
0.777778 89.444444 4000.000000 -5.09566119534077e-07
0.888889 89.444444 4000.000000 -5.53147626336592e-07
1.000000 89.444444 4000.000000 -4.95490779456586e-07
0.000000 89.555556 4000.000000 -5.44549641298911e-07
0.111111 89.555556 4000.000000 -4.92377609928043e-07
0.222222 89.555556 4000.000000 -4.77245830438088e-07
0.333333 89.555556 4000.000000 -4.88192354138531e-07
0.444444 89.555556 4000.000000 -5.06361757576688e-07
0.555556 89.555556 4000.000000 -5.06361760770503e-07
0.666667 89.555556 4000.000000 -4.88192354240065e-07
0.777778 89.555556 4000.000000 -4.77245830443394e-07
0.888889 89.555556 4000.000000 -4.92377609895629e-07
1.000000 89.555556 4000.000000 -5.44549641285148e-07
0.000000 89.666667 4000.000000 -2.52902702517186e-07
0.111111 89.666667 4000.000000 -2.51816679117803e-07
0.222222 89.666667 4000.000000 -2.43948637978884e-07
0.333333 89.666667 4000.000000 -2.43463958297844e-07
0.444444 89.666667 4000.000000 -2.11961166912992e-07
0.555556 89.666667 4000.000000 -2.11961166968433e-07
0.666667 89.666667 4000.000000 -2.43463958206596e-07
0.777778 89.666667 4000.000000 -2.4394863795266e-07
0.888889 89.666667 4000.000000 -2.51816677504834e-07
1.000000 89.666667 4000.000000 -2.52902702411869e-07
0.000000 89.777778 4000.000000 -5.46460346658292e-07
0.111111 89.777778 4000.000000 -5.32706938446029e-07
0.222222 89.777778 4000.000000 -5.0979103643651e-07
0.333333 89.777778 4000.000000 -4.46756117769798e-07
0.444444 89.777778 4000.000000 -4.4264464850143e-07
0.555556 89.777778 4000.000000 -4.42644648489836e-07
0.666667 89.777778 4000.000000 -4.46756117736548e-07
0.777778 89.777778 4000.000000 -5.0979103639006e-07
0.888889 89.777778 4000.000000 -5.32706942392293e-07
1.000000 89.777778 4000.000000 -5.46460346726655e-07
0.000000 89.888889 4000.000000 -4.50052117607236e-07
0.111111 89.888889 4000.000000 -4.51891300592898e-07
0.222222 89.888889 4000.000000 -4.92708102488135e-07
0.333333 89.888889 4000.000000 -4.90044934706911e-07
0.444444 89.888889 4000.000000 -4.92741714002782e-07
0.555556 89.888889 4000.000000 -4.9274171398187e-07
0.666667 89.888889 4000.000000 -4.9004493466496e-07
0.777778 89.888889 4000.000000 -4.92708102596321e-07
0.888889 89.888889 4000.000000 -4.51891300537967e-07
1.000000 89.888889 4000.000000 -4.50052117704133e-07
0.000000 90.000000 4000.000000 3.81217278304418e-07
0.111111 90.000000 4000.000000 3.81217278304418e-07
0.222222 90.000000 4000.000000 3.81217278304418e-07
0.333333 90.000000 4000.000000 3.81217278304418e-07
0.444444 90.000000 4000.000000 3.81217278304418e-07
0.555556 90.000000 4000.000000 3.81217278304418e-07
0.666667 90.000000 4000.000000 3.81217278304418e-07
0.777778 90.000000 4000.000000 3.81217278304418e-07
0.888889 90.000000 4000.000000 3.81217278304418e-07
1.000000 90.000000 4000.000000 3.81217278304418e-07
