# gzzz component calculated with tessgzzz 2017:
#   local time: Sun Mar 11 03:06:00 2018
#   model file: tesseroid_vs_spherical_shell_files/model-size1.0.tess (64800 tesseroids)
#   GLQ order: 2 lon / 2 lat / 2 r
#   Use recursive division of tesseroids: True
#   Distance-size ratio for recusive division: 10
0.000000 89.000000 10000.000000 -3.67291811381813e-07
0.111111 89.000000 10000.000000 -3.68070966085561e-07
0.222222 89.000000 10000.000000 -3.67954171790203e-07
0.333333 89.000000 10000.000000 -3.67984392900044e-07
0.444444 89.000000 10000.000000 -3.67221133670191e-07
0.555556 89.000000 10000.000000 -3.67221133669751e-07
0.666667 89.000000 10000.000000 -3.67984392913285e-07
0.777778 89.000000 10000.000000 -3.6795417183393e-07
0.888889 89.000000 10000.000000 -3.68070965993926e-07
1.000000 89.000000 10000.000000 -3.67291811383656e-07
0.000000 89.111111 10000.000000 -3.37993377243337e-07
0.111111 89.111111 10000.000000 -3.43005318527122e-07
0.222222 89.111111 10000.000000 -3.44280953674097e-07
0.333333 89.111111 10000.000000 -3.45114477110952e-07
0.444444 89.111111 10000.000000 -3.44992111641986e-07
0.555556 89.111111 10000.000000 -3.44992111661567e-07
0.666667 89.111111 10000.000000 -3.45114477123584e-07
0.777778 89.111111 10000.000000 -3.44280953678216e-07
0.888889 89.111111 10000.000000 -3.43005318523439e-07
1.000000 89.111111 10000.000000 -3.37993377245706e-07
0.000000 89.222222 10000.000000 -3.51630987059026e-07
0.111111 89.222222 10000.000000 -3.51534810291363e-07
0.222222 89.222222 10000.000000 -3.46604337110314e-07
0.333333 89.222222 10000.000000 -3.46623369700416e-07
0.444444 89.222222 10000.000000 -3.4668224140385e-07
0.555556 89.222222 10000.000000 -3.46682241406154e-07
0.666667 89.222222 10000.000000 -3.46623369710481e-07
0.777778 89.222222 10000.000000 -3.46604337107354e-07
0.888889 89.222222 10000.000000 -3.51534810294834e-07
1.000000 89.222222 10000.000000 -3.51630987046852e-07
0.000000 89.333333 10000.000000 -3.41032138706129e-07
0.111111 89.333333 10000.000000 -3.41950370252929e-07
0.222222 89.333333 10000.000000 -3.40990334693068e-07
0.333333 89.333333 10000.000000 -3.41495300205648e-07
0.444444 89.333333 10000.000000 -3.40523085176154e-07
0.555556 89.333333 10000.000000 -3.40523085190189e-07
0.666667 89.333333 10000.000000 -3.41495300219592e-07
0.777778 89.333333 10000.000000 -3.40990334694788e-07
0.888889 89.333333 10000.000000 -3.41950370250861e-07
1.000000 89.333333 10000.000000 -3.41032138703123e-07
0.000000 89.444444 10000.000000 -3.43230812047815e-07
0.111111 89.444444 10000.000000 -3.43241657628802e-07
0.222222 89.444444 10000.000000 -3.43271344338959e-07
0.333333 89.444444 10000.000000 -3.47094595697899e-07
0.444444 89.444444 10000.000000 -3.50224114503521e-07
0.555556 89.444444 10000.000000 -3.50224114540365e-07
0.666667 89.444444 10000.000000 -3.47094595704128e-07
0.777778 89.444444 10000.000000 -3.43271344345889e-07
0.888889 89.444444 10000.000000 -3.43241657750286e-07
1.000000 89.444444 10000.000000 -3.4323081203927e-07
0.000000 89.555556 10000.000000 -3.41689802914081e-07
0.111111 89.555556 10000.000000 -3.44622004926877e-07
0.222222 89.555556 10000.000000 -3.44786209610777e-07
0.333333 89.555556 10000.000000 -3.44945252297046e-07
0.444444 89.555556 10000.000000 -3.45049552006667e-07
0.555556 89.555556 10000.000000 -3.45049552046851e-07
0.666667 89.555556 10000.000000 -3.44945252297154e-07
0.777778 89.555556 10000.000000 -3.44786209600814e-07
0.888889 89.555556 10000.000000 -3.44622004923285e-07
1.000000 89.555556 10000.000000 -3.41689802915241e-07
0.000000 89.666667 10000.000000 -3.51763976382078e-07
0.111111 89.666667 10000.000000 -3.50972387782294e-07
0.222222 89.666667 10000.000000 -3.50128547862691e-07
0.333333 89.666667 10000.000000 -3.50386118333373e-07
0.444444 89.666667 10000.000000 -3.50460569890424e-07
0.555556 89.666667 10000.000000 -3.50460569887714e-07
0.666667 89.666667 10000.000000 -3.50386118339531e-07
0.777778 89.666667 10000.000000 -3.50128547860248e-07
0.888889 89.666667 10000.000000 -3.50972387824251e-07
1.000000 89.666667 10000.000000 -3.51763976384865e-07
0.000000 89.777778 10000.000000 -3.55061918253925e-07
0.111111 89.777778 10000.000000 -3.54997724276259e-07
0.222222 89.777778 10000.000000 -3.54961544940876e-07
0.333333 89.777778 10000.000000 -3.54266381318443e-07
0.444444 89.777778 10000.000000 -3.55314687114509e-07
0.555556 89.777778 10000.000000 -3.55314687120393e-07
0.666667 89.777778 10000.000000 -3.5426638132246e-07
0.777778 89.777778 10000.000000 -3.54961544945981e-07
0.888889 89.777778 10000.000000 -3.54997723731954e-07
1.000000 89.777778 10000.000000 -3.55061918256346e-07
0.000000 89.888889 10000.000000 -3.47240851215712e-07
0.111111 89.888889 10000.000000 -3.47303833110723e-07
0.222222 89.888889 10000.000000 -3.47171408614922e-07
0.333333 89.888889 10000.000000 -3.47169819776975e-07
0.444444 89.888889 10000.000000 -3.47637963658934e-07
0.555556 89.888889 10000.000000 -3.47637963658778e-07
0.666667 89.888889 10000.000000 -3.47169819779603e-07
0.777778 89.888889 10000.000000 -3.47171408648349e-07
0.888889 89.888889 10000.000000 -3.47303833110107e-07
1.000000 89.888889 10000.000000 -3.47240851212631e-07
0.000000 90.000000 10000.000000 -3.14021329565048e-07
0.111111 90.000000 10000.000000 -3.14021329565048e-07
0.222222 90.000000 10000.000000 -3.14021329565048e-07
0.333333 90.000000 10000.000000 -3.14021329565048e-07
0.444444 90.000000 10000.000000 -3.14021329565048e-07
0.555556 90.000000 10000.000000 -3.14021329565048e-07
0.666667 90.000000 10000.000000 -3.14021329565048e-07
0.777778 90.000000 10000.000000 -3.14021329565048e-07
0.888889 90.000000 10000.000000 -3.14021329565048e-07
1.000000 90.000000 10000.000000 -3.14021329565048e-07
