# gzzz component calculated with tessgzzz 2017:
#   local time: Sun Mar 11 03:00:20 2018
#   model file: tesseroid_vs_spherical_shell_files/model-size1.0.tess (64800 tesseroids)
#   GLQ order: 2 lon / 2 lat / 2 r
#   Use recursive division of tesseroids: True
#   Distance-size ratio for recusive division: 20
0.000000 89.000000 8000.000000 -3.27047518734739e-07
0.111111 89.000000 8000.000000 -3.27062921080072e-07
0.222222 89.000000 8000.000000 -3.27061629831406e-07
0.333333 89.000000 8000.000000 -3.27071730412354e-07
0.444444 89.000000 8000.000000 -3.27066205109798e-07
0.555556 89.000000 8000.000000 -3.27066205206472e-07
0.666667 89.000000 8000.000000 -3.27071730526171e-07
0.777778 89.000000 8000.000000 -3.2706162981674e-07
0.888889 89.000000 8000.000000 -3.2706292109342e-07
1.000000 89.000000 8000.000000 -3.27047518725609e-07
0.000000 89.111111 8000.000000 -3.29274712976708e-07
0.111111 89.111111 8000.000000 -3.2921326832438e-07
0.222222 89.111111 8000.000000 -3.29201463858383e-07
0.333333 89.111111 8000.000000 -3.29144451862879e-07
0.444444 89.111111 8000.000000 -3.29240138402687e-07
0.555556 89.111111 8000.000000 -3.29240138458114e-07
0.666667 89.111111 8000.000000 -3.29144451854502e-07
0.777778 89.111111 8000.000000 -3.29201463870375e-07
0.888889 89.111111 8000.000000 -3.29213270599689e-07
1.000000 89.111111 8000.000000 -3.29274712994133e-07
0.000000 89.222222 8000.000000 -3.2872898298535e-07
0.111111 89.222222 8000.000000 -3.28765167511688e-07
0.222222 89.222222 8000.000000 -3.28711234061696e-07
0.333333 89.222222 8000.000000 -3.28748367129077e-07
0.444444 89.222222 8000.000000 -3.28719967249888e-07
0.555556 89.222222 8000.000000 -3.28719967271188e-07
0.666667 89.222222 8000.000000 -3.28748367092168e-07
0.777778 89.222222 8000.000000 -3.28711234054606e-07
0.888889 89.222222 8000.000000 -3.28765167480895e-07
1.000000 89.222222 8000.000000 -3.28728982945347e-07
0.000000 89.333333 8000.000000 -3.27968307214456e-07
0.111111 89.333333 8000.000000 -3.27911768568707e-07
0.222222 89.333333 8000.000000 -3.27990510896787e-07
0.333333 89.333333 8000.000000 -3.279337791611e-07
0.444444 89.333333 8000.000000 -3.279624858462e-07
0.555556 89.333333 8000.000000 -3.27962485832284e-07
0.666667 89.333333 8000.000000 -3.27933779226417e-07
0.777778 89.333333 8000.000000 -3.27990510880426e-07
0.888889 89.333333 8000.000000 -3.27911768611247e-07
1.000000 89.333333 8000.000000 -3.27968307190939e-07
0.000000 89.444444 8000.000000 -3.26993692406537e-07
0.111111 89.444444 8000.000000 -3.26964505168111e-07
0.222222 89.444444 8000.000000 -3.2700166997627e-07
0.333333 89.444444 8000.000000 -3.26956205925168e-07
0.444444 89.444444 8000.000000 -3.26920106772093e-07
0.555556 89.444444 8000.000000 -3.26920106681029e-07
0.666667 89.444444 8000.000000 -3.26956205960047e-07
0.777778 89.444444 8000.000000 -3.27001669848631e-07
0.888889 89.444444 8000.000000 -3.26964505244718e-07
1.000000 89.444444 8000.000000 -3.26993692354488e-07
0.000000 89.555556 8000.000000 -3.27944525958195e-07
0.111111 89.555556 8000.000000 -3.27931250132552e-07
0.222222 89.555556 8000.000000 -3.27950389253194e-07
0.333333 89.555556 8000.000000 -3.279371378537e-07
0.444444 89.555556 8000.000000 -3.27922951564051e-07
0.555556 89.555556 8000.000000 -3.27922951624566e-07
0.666667 89.555556 8000.000000 -3.27937137866463e-07
0.777778 89.555556 8000.000000 -3.27950389269835e-07
0.888889 89.555556 8000.000000 -3.27931249415771e-07
1.000000 89.555556 8000.000000 -3.27944525990521e-07
0.000000 89.666667 8000.000000 -3.2794400298412e-07
0.111111 89.666667 8000.000000 -3.27971293042399e-07
0.222222 89.666667 8000.000000 -3.27955851458764e-07
0.333333 89.666667 8000.000000 -3.27989750499121e-07
0.444444 89.666667 8000.000000 -3.27998642086104e-07
0.555556 89.666667 8000.000000 -3.27998642099791e-07
0.666667 89.666667 8000.000000 -3.27989750537349e-07
0.777778 89.666667 8000.000000 -3.27955851461691e-07
0.888889 89.666667 8000.000000 -3.27971293040338e-07
1.000000 89.666667 8000.000000 -3.27944002998319e-07
0.000000 89.777778 8000.000000 -3.271241741628e-07
0.111111 89.777778 8000.000000 -3.27142182350148e-07
0.222222 89.777778 8000.000000 -3.27202764503417e-07
0.333333 89.777778 8000.000000 -3.27223188296424e-07
0.444444 89.777778 8000.000000 -3.27245371934353e-07
0.555556 89.777778 8000.000000 -3.27245371979839e-07
0.666667 89.777778 8000.000000 -3.27223188336642e-07
0.777778 89.777778 8000.000000 -3.27202764473474e-07
0.888889 89.777778 8000.000000 -3.27142182363188e-07
1.000000 89.777778 8000.000000 -3.27124174156524e-07
0.000000 89.888889 8000.000000 -3.28095887747102e-07
0.111111 89.888889 8000.000000 -3.28101118846297e-07
0.222222 89.888889 8000.000000 -3.28093794025304e-07
0.333333 89.888889 8000.000000 -3.2808408503976e-07
0.444444 89.888889 8000.000000 -3.28089962649992e-07
0.555556 89.888889 8000.000000 -3.28089962650006e-07
0.666667 89.888889 8000.000000 -3.28084085015336e-07
0.777778 89.888889 8000.000000 -3.28093794033618e-07
0.888889 89.888889 8000.000000 -3.28101118865148e-07
1.000000 89.888889 8000.000000 -3.28095887797359e-07
0.000000 90.000000 8000.000000 -3.28798517964161e-07
0.111111 90.000000 8000.000000 -3.28798517964161e-07
0.222222 90.000000 8000.000000 -3.28798517964161e-07
0.333333 90.000000 8000.000000 -3.28798517964161e-07
0.444444 90.000000 8000.000000 -3.28798517964161e-07
0.555556 90.000000 8000.000000 -3.28798517964161e-07
0.666667 90.000000 8000.000000 -3.28798517964161e-07
0.777778 90.000000 8000.000000 -3.28798517964161e-07
0.888889 90.000000 8000.000000 -3.28798517964161e-07
1.000000 90.000000 8000.000000 -3.28798517964161e-07
