# gzzz component calculated with tessgzzz 2017:
#   local time: Sun Mar 11 03:14:45 2018
#   model file: tesseroid_vs_spherical_shell_files/model-size1.0.tess (64800 tesseroids)
#   GLQ order: 2 lon / 2 lat / 2 r
#   Use recursive division of tesseroids: True
#   Distance-size ratio for recusive division: 17.5
0.000000 89.000000 150000.000000 -3.00947154684629e-07
0.111111 89.000000 150000.000000 -3.00947162031586e-07
0.222222 89.000000 150000.000000 -3.00947169302546e-07
0.333333 89.000000 150000.000000 -3.00947159330862e-07
0.444444 89.000000 150000.000000 -3.00947164026632e-07
0.555556 89.000000 150000.000000 -3.00947164026498e-07
0.666667 89.000000 150000.000000 -3.00947159330773e-07
0.777778 89.000000 150000.000000 -3.0094716930259e-07
0.888889 89.000000 150000.000000 -3.00947162031747e-07
1.000000 89.000000 150000.000000 -3.00947154684649e-07
0.000000 89.111111 150000.000000 -3.00946776205772e-07
0.111111 89.111111 150000.000000 -3.00946779464009e-07
0.222222 89.111111 150000.000000 -3.0094678427979e-07
0.333333 89.111111 150000.000000 -3.00946778258276e-07
0.444444 89.111111 150000.000000 -3.00946779171977e-07
0.555556 89.111111 150000.000000 -3.00946779171895e-07
0.666667 89.111111 150000.000000 -3.00946778258443e-07
0.777778 89.111111 150000.000000 -3.00946784279767e-07
0.888889 89.111111 150000.000000 -3.00946779463965e-07
1.000000 89.111111 150000.000000 -3.00946776205755e-07
0.000000 89.222222 150000.000000 -3.00946208211816e-07
0.111111 89.222222 150000.000000 -3.00946207869065e-07
0.222222 89.222222 150000.000000 -3.00946211483037e-07
0.333333 89.222222 150000.000000 -3.00946212681887e-07
0.444444 89.222222 150000.000000 -3.00946213140893e-07
0.555556 89.222222 150000.000000 -3.00946213140908e-07
0.666667 89.222222 150000.000000 -3.0094621268192e-07
0.777778 89.222222 150000.000000 -3.00946211482886e-07
0.888889 89.222222 150000.000000 -3.0094620786902e-07
1.000000 89.222222 150000.000000 -3.00946208211796e-07
0.000000 89.333333 150000.000000 -3.00945235781327e-07
0.111111 89.333333 150000.000000 -3.0094523753362e-07
0.222222 89.333333 150000.000000 -3.00945243958621e-07
0.333333 89.333333 150000.000000 -3.00945246786999e-07
0.444444 89.333333 150000.000000 -3.00945246617464e-07
0.555556 89.333333 150000.000000 -3.00945246617437e-07
0.666667 89.333333 150000.000000 -3.00945246786956e-07
0.777778 89.333333 150000.000000 -3.00945243958634e-07
0.888889 89.333333 150000.000000 -3.00945237533564e-07
1.000000 89.333333 150000.000000 -3.00945235781338e-07
0.000000 89.444444 150000.000000 -3.00943687509726e-07
0.111111 89.444444 150000.000000 -3.00943685680327e-07
0.222222 89.444444 150000.000000 -3.00943696034026e-07
0.333333 89.444444 150000.000000 -3.00943691250358e-07
0.444444 89.444444 150000.000000 -3.00943690333846e-07
0.555556 89.444444 150000.000000 -3.00943690333871e-07
0.666667 89.444444 150000.000000 -3.00943691250337e-07
0.777778 89.444444 150000.000000 -3.0094369603411e-07
0.888889 89.444444 150000.000000 -3.00943685680154e-07
1.000000 89.444444 150000.000000 -3.00943687509727e-07
0.000000 89.555556 150000.000000 -3.00941517372261e-07
0.111111 89.555556 150000.000000 -3.00941519717806e-07
0.222222 89.555556 150000.000000 -3.00941523146585e-07
0.333333 89.555556 150000.000000 -3.00941523541354e-07
0.444444 89.555556 150000.000000 -3.00941523328916e-07
0.555556 89.555556 150000.000000 -3.00941523328917e-07
0.666667 89.555556 150000.000000 -3.00941523541222e-07
0.777778 89.555556 150000.000000 -3.00941523146777e-07
0.888889 89.555556 150000.000000 -3.00941519717959e-07
1.000000 89.555556 150000.000000 -3.00941517372268e-07
0.000000 89.666667 150000.000000 -3.00938880571897e-07
0.111111 89.666667 150000.000000 -3.00938875132424e-07
0.222222 89.666667 150000.000000 -3.00938871343468e-07
0.333333 89.666667 150000.000000 -3.00938870171918e-07
0.444444 89.666667 150000.000000 -3.00938872147127e-07
0.555556 89.666667 150000.000000 -3.00938872147278e-07
0.666667 89.666667 150000.000000 -3.00938870171871e-07
0.777778 89.666667 150000.000000 -3.00938871343616e-07
0.888889 89.666667 150000.000000 -3.00938875132383e-07
1.000000 89.666667 150000.000000 -3.00938880571916e-07
0.000000 89.777778 150000.000000 -3.00936220424582e-07
0.111111 89.777778 150000.000000 -3.00936210670016e-07
0.222222 89.777778 150000.000000 -3.00936215223384e-07
0.333333 89.777778 150000.000000 -3.00936215154584e-07
0.444444 89.777778 150000.000000 -3.00936215156178e-07
0.555556 89.777778 150000.000000 -3.00936215156142e-07
0.666667 89.777778 150000.000000 -3.00936215154502e-07
0.777778 89.777778 150000.000000 -3.00936215223472e-07
0.888889 89.777778 150000.000000 -3.00936210669955e-07
1.000000 89.777778 150000.000000 -3.00936220424571e-07
0.000000 89.888889 150000.000000 -3.00934383141173e-07
0.111111 89.888889 150000.000000 -3.00934383141142e-07
0.222222 89.888889 150000.000000 -3.00934388007399e-07
0.333333 89.888889 150000.000000 -3.00934388007978e-07
0.444444 89.888889 150000.000000 -3.00934387190129e-07
0.555556 89.888889 150000.000000 -3.00934387190174e-07
0.666667 89.888889 150000.000000 -3.00934388008047e-07
0.777778 89.888889 150000.000000 -3.00934388007452e-07
0.888889 89.888889 150000.000000 -3.00934383141261e-07
1.000000 89.888889 150000.000000 -3.00934383141173e-07
0.000000 90.000000 150000.000000 -3.00934423616172e-07
0.111111 90.000000 150000.000000 -3.00934423616172e-07
0.222222 90.000000 150000.000000 -3.00934423616172e-07
0.333333 90.000000 150000.000000 -3.00934423616172e-07
0.444444 90.000000 150000.000000 -3.00934423616172e-07
0.555556 90.000000 150000.000000 -3.00934423616172e-07
0.666667 90.000000 150000.000000 -3.00934423616172e-07
0.777778 90.000000 150000.000000 -3.00934423616172e-07
0.888889 90.000000 150000.000000 -3.00934423616172e-07
1.000000 90.000000 150000.000000 -3.00934423616172e-07
