# gzzz component calculated with tessgzzz 2017:
#   local time: Sun Mar 11 02:55:05 2018
#   model file: tesseroid_vs_spherical_shell_files/model-size1.0.tess (64800 tesseroids)
#   GLQ order: 2 lon / 2 lat / 2 r
#   Use recursive division of tesseroids: True
#   Distance-size ratio for recusive division: 37.5
0.000000 89.000000 6000.000000 -3.28826558364896e-07
0.111111 89.000000 6000.000000 -3.28824399280413e-07
0.222222 89.000000 6000.000000 -3.28826849743969e-07
0.333333 89.000000 6000.000000 -3.28824400420144e-07
0.444444 89.000000 6000.000000 -3.28823724954169e-07
0.555556 89.000000 6000.000000 -3.28823724045322e-07
0.666667 89.000000 6000.000000 -3.28824400637322e-07
0.777778 89.000000 6000.000000 -3.28826849854101e-07
0.888889 89.000000 6000.000000 -3.28824400653362e-07
1.000000 89.000000 6000.000000 -3.28826558379895e-07
0.000000 89.111111 6000.000000 -3.28803861629296e-07
0.111111 89.111111 6000.000000 -3.28803138681315e-07
0.222222 89.111111 6000.000000 -3.28807752566973e-07
0.333333 89.111111 6000.000000 -3.28805945899504e-07
0.444444 89.111111 6000.000000 -3.28804344581247e-07
0.555556 89.111111 6000.000000 -3.28804344439124e-07
0.666667 89.111111 6000.000000 -3.28805945936936e-07
0.777778 89.111111 6000.000000 -3.28807752419002e-07
0.888889 89.111111 6000.000000 -3.28803138606483e-07
1.000000 89.111111 6000.000000 -3.28803861725985e-07
0.000000 89.222222 6000.000000 -3.28805933080338e-07
0.111111 89.222222 6000.000000 -3.28806055140417e-07
0.222222 89.222222 6000.000000 -3.28806803496353e-07
0.333333 89.222222 6000.000000 -3.28806391922142e-07
0.444444 89.222222 6000.000000 -3.28803960343618e-07
0.555556 89.222222 6000.000000 -3.28803960571658e-07
0.666667 89.222222 6000.000000 -3.28806390908567e-07
0.777778 89.222222 6000.000000 -3.28806803679509e-07
0.888889 89.222222 6000.000000 -3.28806054875072e-07
1.000000 89.222222 6000.000000 -3.2880593302222e-07
0.000000 89.333333 6000.000000 -3.29063878419107e-07
0.111111 89.333333 6000.000000 -3.29059475380026e-07
0.222222 89.333333 6000.000000 -3.29061265166819e-07
0.333333 89.333333 6000.000000 -3.29059758444994e-07
0.444444 89.333333 6000.000000 -3.29064110506128e-07
0.555556 89.333333 6000.000000 -3.29064110447042e-07
0.666667 89.333333 6000.000000 -3.29059758404839e-07
0.777778 89.333333 6000.000000 -3.29061265214371e-07
0.888889 89.333333 6000.000000 -3.29059474954957e-07
1.000000 89.333333 6000.000000 -3.29063878100273e-07
0.000000 89.444444 6000.000000 -3.28849983982455e-07
0.111111 89.444444 6000.000000 -3.28848870269709e-07
0.222222 89.444444 6000.000000 -3.28851183601617e-07
0.333333 89.444444 6000.000000 -3.28847449367392e-07
0.444444 89.444444 6000.000000 -3.28851518967684e-07
0.555556 89.444444 6000.000000 -3.28851518636613e-07
0.666667 89.444444 6000.000000 -3.28847449665865e-07
0.777778 89.444444 6000.000000 -3.2885118354025e-07
0.888889 89.444444 6000.000000 -3.28848870068948e-07
1.000000 89.444444 6000.000000 -3.28849983990869e-07
0.000000 89.555556 6000.000000 -3.28770074759982e-07
0.111111 89.555556 6000.000000 -3.28767592949814e-07
0.222222 89.555556 6000.000000 -3.28769444366565e-07
0.333333 89.555556 6000.000000 -3.2876834432258e-07
0.444444 89.555556 6000.000000 -3.287675611737e-07
0.555556 89.555556 6000.000000 -3.28767560886397e-07
0.666667 89.555556 6000.000000 -3.28768345201568e-07
0.777778 89.555556 6000.000000 -3.28769443297152e-07
0.888889 89.555556 6000.000000 -3.28767591517715e-07
1.000000 89.555556 6000.000000 -3.28770074992451e-07
0.000000 89.666667 6000.000000 -3.29013876226536e-07
0.111111 89.666667 6000.000000 -3.29011589792953e-07
0.222222 89.666667 6000.000000 -3.29017318462614e-07
0.333333 89.666667 6000.000000 -3.29011108982986e-07
0.444444 89.666667 6000.000000 -3.29016310550196e-07
0.555556 89.666667 6000.000000 -3.29016310593793e-07
0.666667 89.666667 6000.000000 -3.29011108960212e-07
0.777778 89.666667 6000.000000 -3.29017318325697e-07
0.888889 89.666667 6000.000000 -3.29011589546685e-07
1.000000 89.666667 6000.000000 -3.2901387606781e-07
0.000000 89.777778 6000.000000 -3.28794317964479e-07
0.111111 89.777778 6000.000000 -3.28791814255903e-07
0.222222 89.777778 6000.000000 -3.28791407046236e-07
0.333333 89.777778 6000.000000 -3.2878930827785e-07
0.444444 89.777778 6000.000000 -3.28794264308557e-07
0.555556 89.777778 6000.000000 -3.2879426452934e-07
0.666667 89.777778 6000.000000 -3.2878930847215e-07
0.777778 89.777778 6000.000000 -3.2879140698227e-07
0.888889 89.777778 6000.000000 -3.28791814135143e-07
1.000000 89.777778 6000.000000 -3.28794317746213e-07
0.000000 89.888889 6000.000000 -3.28757181649609e-07
0.111111 89.888889 6000.000000 -3.28758990697803e-07
0.222222 89.888889 6000.000000 -3.28759003364953e-07
0.333333 89.888889 6000.000000 -3.28762313412593e-07
0.444444 89.888889 6000.000000 -3.28765119138768e-07
0.555556 89.888889 6000.000000 -3.28765118969474e-07
0.666667 89.888889 6000.000000 -3.28762313379796e-07
0.777778 89.888889 6000.000000 -3.28759003539998e-07
0.888889 89.888889 6000.000000 -3.28758990594565e-07
1.000000 89.888889 6000.000000 -3.28757181689101e-07
0.000000 90.000000 6000.000000 -3.28641156923155e-07
0.111111 90.000000 6000.000000 -3.28641156923155e-07
0.222222 90.000000 6000.000000 -3.28641156923155e-07
0.333333 90.000000 6000.000000 -3.28641156923155e-07
0.444444 90.000000 6000.000000 -3.28641156923155e-07
0.555556 90.000000 6000.000000 -3.28641156923155e-07
0.666667 90.000000 6000.000000 -3.28641156923155e-07
0.777778 90.000000 6000.000000 -3.28641156923155e-07
0.888889 90.000000 6000.000000 -3.28641156923155e-07
1.000000 90.000000 6000.000000 -3.28641156923155e-07
