# gzzz component calculated with tessgzzz 2017:
#   local time: Sun Mar 11 03:05:55 2018
#   model file: tesseroid_vs_spherical_shell_files/model-size1.0.tess (64800 tesseroids)
#   GLQ order: 2 lon / 2 lat / 2 r
#   Use recursive division of tesseroids: True
#   Distance-size ratio for recusive division: 7.5
0.000000 89.000000 10000.000000 -2.84880379024577e-07
0.111111 89.000000 10000.000000 -2.83978200324111e-07
0.222222 89.000000 10000.000000 -2.82303555677226e-07
0.333333 89.000000 10000.000000 -2.77928359229833e-07
0.444444 89.000000 10000.000000 -2.79298442758952e-07
0.555556 89.000000 10000.000000 -2.79298442782926e-07
0.666667 89.000000 10000.000000 -2.77928359467748e-07
0.777778 89.000000 10000.000000 -2.82303555680763e-07
0.888889 89.000000 10000.000000 -2.83978200299364e-07
1.000000 89.000000 10000.000000 -2.84880379019414e-07
0.000000 89.111111 10000.000000 -2.71914906727675e-07
0.111111 89.111111 10000.000000 -2.72416243020452e-07
0.222222 89.111111 10000.000000 -2.72212181874455e-07
0.333333 89.111111 10000.000000 -2.73311305313085e-07
0.444444 89.111111 10000.000000 -2.76265173744203e-07
0.555556 89.111111 10000.000000 -2.76265173748799e-07
0.666667 89.111111 10000.000000 -2.73311305314288e-07
0.777778 89.111111 10000.000000 -2.72212181874618e-07
0.888889 89.111111 10000.000000 -2.72416243020503e-07
1.000000 89.111111 10000.000000 -2.71914906728412e-07
0.000000 89.222222 10000.000000 -2.994762185665e-07
0.111111 89.222222 10000.000000 -2.9908262850755e-07
0.222222 89.222222 10000.000000 -3.00853970592332e-07
0.333333 89.222222 10000.000000 -3.01569864760638e-07
0.444444 89.222222 10000.000000 -2.97894017051817e-07
0.555556 89.222222 10000.000000 -2.97894017050989e-07
0.666667 89.222222 10000.000000 -3.01569864764605e-07
0.777778 89.222222 10000.000000 -3.00853970591242e-07
0.888889 89.222222 10000.000000 -2.99082628512221e-07
1.000000 89.222222 10000.000000 -2.9947621856625e-07
0.000000 89.333333 10000.000000 -3.62405179521231e-07
0.111111 89.333333 10000.000000 -3.62067114188372e-07
0.222222 89.333333 10000.000000 -3.62150728590985e-07
0.333333 89.333333 10000.000000 -3.63104609782814e-07
0.444444 89.333333 10000.000000 -3.64312912006619e-07
0.555556 89.333333 10000.000000 -3.64312912003695e-07
0.666667 89.333333 10000.000000 -3.63104609784838e-07
0.777778 89.333333 10000.000000 -3.6215072858951e-07
0.888889 89.333333 10000.000000 -3.62067114185653e-07
1.000000 89.333333 10000.000000 -3.62405179521657e-07
0.000000 89.444444 10000.000000 -3.09722715352145e-07
0.111111 89.444444 10000.000000 -3.08609660422352e-07
0.222222 89.444444 10000.000000 -3.08924051214782e-07
0.333333 89.444444 10000.000000 -3.09175325086676e-07
0.444444 89.444444 10000.000000 -3.09845460770179e-07
0.555556 89.444444 10000.000000 -3.09845460804497e-07
0.666667 89.444444 10000.000000 -3.09175325087491e-07
0.777778 89.444444 10000.000000 -3.08924051215912e-07
0.888889 89.444444 10000.000000 -3.08609660418249e-07
1.000000 89.444444 10000.000000 -3.09722715355772e-07
0.000000 89.555556 10000.000000 -3.08074519978638e-07
0.111111 89.555556 10000.000000 -3.07951509475959e-07
0.222222 89.555556 10000.000000 -3.07732699135243e-07
0.333333 89.555556 10000.000000 -3.07451599559193e-07
0.444444 89.555556 10000.000000 -3.08307728492867e-07
0.555556 89.555556 10000.000000 -3.08307728532286e-07
0.666667 89.555556 10000.000000 -3.07451599563751e-07
0.777778 89.555556 10000.000000 -3.07732699135735e-07
0.888889 89.555556 10000.000000 -3.07951509469588e-07
1.000000 89.555556 10000.000000 -3.08074519972985e-07
0.000000 89.666667 10000.000000 -3.06714282540318e-07
0.111111 89.666667 10000.000000 -3.06707493210547e-07
0.222222 89.666667 10000.000000 -3.06602978786533e-07
0.333333 89.666667 10000.000000 -3.06443659641455e-07
0.444444 89.666667 10000.000000 -3.05825233804004e-07
0.555556 89.666667 10000.000000 -3.05825233803345e-07
0.666667 89.666667 10000.000000 -3.06443659636228e-07
0.777778 89.666667 10000.000000 -3.06602978788062e-07
0.888889 89.666667 10000.000000 -3.06707493247467e-07
1.000000 89.666667 10000.000000 -3.06714282544335e-07
0.000000 89.777778 10000.000000 -3.02355513810728e-07
0.111111 89.777778 10000.000000 -3.02021236355214e-07
0.222222 89.777778 10000.000000 -3.02021136984576e-07
0.333333 89.777778 10000.000000 -3.02033707674079e-07
0.444444 89.777778 10000.000000 -3.01974292154702e-07
0.555556 89.777778 10000.000000 -3.01974292162387e-07
0.666667 89.777778 10000.000000 -3.02033707675487e-07
0.777778 89.777778 10000.000000 -3.02021136983013e-07
0.888889 89.777778 10000.000000 -3.02021235809269e-07
1.000000 89.777778 10000.000000 -3.02355513816108e-07
0.000000 89.888889 10000.000000 -3.10861354815745e-07
0.111111 89.888889 10000.000000 -3.10848794496539e-07
0.222222 89.888889 10000.000000 -3.10899138383151e-07
0.333333 89.888889 10000.000000 -3.11077777249323e-07
0.444444 89.888889 10000.000000 -3.10772399026714e-07
0.555556 89.888889 10000.000000 -3.10772399017029e-07
0.666667 89.888889 10000.000000 -3.11077777250127e-07
0.777778 89.888889 10000.000000 -3.10899138418078e-07
0.888889 89.888889 10000.000000 -3.10848794497705e-07
1.000000 89.888889 10000.000000 -3.10861354813344e-07
0.000000 90.000000 10000.000000 -2.74381794557112e-07
0.111111 90.000000 10000.000000 -2.74381794557112e-07
0.222222 90.000000 10000.000000 -2.74381794557112e-07
0.333333 90.000000 10000.000000 -2.74381794557112e-07
0.444444 90.000000 10000.000000 -2.74381794557112e-07
0.555556 90.000000 10000.000000 -2.74381794557112e-07
0.666667 90.000000 10000.000000 -2.74381794557112e-07
0.777778 90.000000 10000.000000 -2.74381794557112e-07
0.888889 90.000000 10000.000000 -2.74381794557112e-07
1.000000 90.000000 10000.000000 -2.74381794557112e-07
