# gzzz component calculated with tessgzzz 2017:
#   local time: Sun Mar 11 02:42:04 2018
#   model file: tesseroid_vs_spherical_shell_files/model-size1.0.tess (64800 tesseroids)
#   GLQ order: 2 lon / 2 lat / 2 r
#   Use recursive division of tesseroids: True
#   Distance-size ratio for recusive division: 2.5
0.000000 89.000000 4000.000000 2.10613068036929e-07
0.111111 89.000000 4000.000000 2.31697380231703e-06
0.222222 89.000000 4000.000000 1.74756419810474e-05
0.333333 89.000000 4000.000000 1.85477389732139e-05
0.444444 89.000000 4000.000000 1.90002038009129e-05
0.555556 89.000000 4000.000000 1.9000203800913e-05
0.666667 89.000000 4000.000000 1.85477389731895e-05
0.777778 89.000000 4000.000000 1.74756419810408e-05
0.888889 89.000000 4000.000000 2.31697380230088e-06
1.000000 89.000000 4000.000000 2.10613067995946e-07
0.000000 89.111111 4000.000000 -1.13171967729387e-06
0.111111 89.111111 4000.000000 7.9138152314598e-06
0.222222 89.111111 4000.000000 1.40993270643338e-05
0.333333 89.111111 4000.000000 1.10856510991162e-05
0.444444 89.111111 4000.000000 2.02901056764387e-05
0.555556 89.111111 4000.000000 2.02901056764337e-05
0.666667 89.111111 4000.000000 1.10856510991369e-05
0.777778 89.111111 4000.000000 1.40993270643241e-05
0.888889 89.111111 4000.000000 7.91381523148596e-06
1.000000 89.111111 4000.000000 -1.13171967732902e-06
0.000000 89.222222 4000.000000 -2.0440008523182e-05
0.111111 89.222222 4000.000000 -1.54624788897034e-05
0.222222 89.222222 4000.000000 -1.72778197719536e-05
0.333333 89.222222 4000.000000 -2.12484744877395e-05
0.444444 89.222222 4000.000000 -6.91880120311655e-05
0.555556 89.222222 4000.000000 -6.91880120312064e-05
0.666667 89.222222 4000.000000 -2.12484744877458e-05
0.777778 89.222222 4000.000000 -1.72778197720851e-05
0.888889 89.222222 4000.000000 -1.54624788897434e-05
1.000000 89.222222 4000.000000 -2.04400085231673e-05
0.000000 89.333333 4000.000000 2.77493006098792e-06
0.111111 89.333333 4000.000000 2.94550175273313e-06
0.222222 89.333333 4000.000000 -1.61427767158378e-06
0.333333 89.333333 4000.000000 8.28855547658833e-06
0.444444 89.333333 4000.000000 1.01448717970557e-05
0.555556 89.333333 4000.000000 1.01448717970268e-05
0.666667 89.333333 4000.000000 8.28855547655759e-06
0.777778 89.333333 4000.000000 -1.61427767163471e-06
0.888889 89.333333 4000.000000 2.94550175276505e-06
1.000000 89.333333 4000.000000 2.77493006091305e-06
0.000000 89.444444 4000.000000 1.35225730235933e-05
0.111111 89.444444 4000.000000 9.53624722687719e-06
0.222222 89.444444 4000.000000 2.6050781546758e-06
0.333333 89.444444 4000.000000 -3.73562883348331e-06
0.444444 89.444444 4000.000000 -3.24894327625036e-06
0.555556 89.444444 4000.000000 -3.24894327624443e-06
0.666667 89.444444 4000.000000 -3.73562883348123e-06
0.777778 89.444444 4000.000000 2.60507815470702e-06
0.888889 89.444444 4000.000000 9.53624722690262e-06
1.000000 89.444444 4000.000000 1.35225730236298e-05
0.000000 89.555556 4000.000000 1.24810065876787e-06
0.111111 89.555556 4000.000000 9.8527784092012e-07
0.222222 89.555556 4000.000000 5.17962257023304e-06
0.333333 89.555556 4000.000000 4.96077983255395e-06
0.444444 89.555556 4000.000000 1.0332247548041e-05
0.555556 89.555556 4000.000000 1.03322475480329e-05
0.666667 89.555556 4000.000000 4.96077983257613e-06
0.777778 89.555556 4000.000000 5.17962257020708e-06
0.888889 89.555556 4000.000000 9.85277840942761e-07
1.000000 89.555556 4000.000000 1.24810065875917e-06
0.000000 89.666667 4000.000000 3.42668190433604e-07
0.111111 89.666667 4000.000000 4.41301695094754e-06
0.222222 89.666667 4000.000000 7.34383728644038e-06
0.333333 89.666667 4000.000000 7.77120944453791e-06
0.444444 89.666667 4000.000000 8.07144840748573e-06
0.555556 89.666667 4000.000000 8.07144840748984e-06
0.666667 89.666667 4000.000000 7.77120944453899e-06
0.777778 89.666667 4000.000000 7.34383728642261e-06
0.888889 89.666667 4000.000000 4.41301695095136e-06
1.000000 89.666667 4000.000000 3.42668190452139e-07
0.000000 89.777778 4000.000000 2.30948499796216e-06
0.111111 89.777778 4000.000000 2.19573673328153e-06
0.222222 89.777778 4000.000000 3.12384683948603e-06
0.333333 89.777778 4000.000000 3.99884891837151e-06
0.444444 89.777778 4000.000000 1.54511768783992e-06
0.555556 89.777778 4000.000000 1.5451176878364e-06
0.666667 89.777778 4000.000000 3.99884891836319e-06
0.777778 89.777778 4000.000000 3.12384683952343e-06
0.888889 89.777778 4000.000000 2.19573673327284e-06
1.000000 89.777778 4000.000000 2.30948499796611e-06
0.000000 89.888889 4000.000000 2.93349152704594e-06
0.111111 89.888889 4000.000000 2.9873103071534e-06
0.222222 89.888889 4000.000000 3.01874923811138e-06
0.333333 89.888889 4000.000000 2.81480724217103e-06
0.444444 89.888889 4000.000000 1.73988761682585e-06
0.555556 89.888889 4000.000000 1.73988761681506e-06
0.666667 89.888889 4000.000000 2.8148072422038e-06
0.777778 89.888889 4000.000000 3.01874923813237e-06
0.888889 89.888889 4000.000000 2.98731030715045e-06
1.000000 89.888889 4000.000000 2.93349152707533e-06
0.000000 90.000000 4000.000000 -0.000109348389311472
0.111111 90.000000 4000.000000 -0.000109348389311472
0.222222 90.000000 4000.000000 -0.000109348389311472
0.333333 90.000000 4000.000000 -0.000109348389311472
0.444444 90.000000 4000.000000 -0.000109348389311472
0.555556 90.000000 4000.000000 -0.000109348389311472
0.666667 90.000000 4000.000000 -0.000109348389311472
0.777778 90.000000 4000.000000 -0.000109348389311472
0.888889 90.000000 4000.000000 -0.000109348389311472
1.000000 90.000000 4000.000000 -0.000109348389311472
