# gzzz component calculated with tessgzzz 2017:
#   local time: Sun Mar 11 03:02:06 2018
#   model file: tesseroid_vs_spherical_shell_files/model-size1.0.tess (64800 tesseroids)
#   GLQ order: 2 lon / 2 lat / 2 r
#   Use recursive division of tesseroids: True
#   Distance-size ratio for recusive division: 37.5
0.000000 89.000000 8000.000000 -3.28647997411995e-07
0.111111 89.000000 8000.000000 -3.2864803621235e-07
0.222222 89.000000 8000.000000 -3.28648322278934e-07
0.333333 89.000000 8000.000000 -3.28646998755589e-07
0.444444 89.000000 8000.000000 -3.28647070177091e-07
0.555556 89.000000 8000.000000 -3.28647070205123e-07
0.666667 89.000000 8000.000000 -3.28646998656368e-07
0.777778 89.000000 8000.000000 -3.28648322125843e-07
0.888889 89.000000 8000.000000 -3.28648036463786e-07
1.000000 89.000000 8000.000000 -3.28647997331307e-07
0.000000 89.111111 8000.000000 -3.28770327900866e-07
0.111111 89.111111 8000.000000 -3.2877011476818e-07
0.222222 89.111111 8000.000000 -3.28768137012295e-07
0.333333 89.111111 8000.000000 -3.28767859693649e-07
0.444444 89.111111 8000.000000 -3.28768709148384e-07
0.555556 89.111111 8000.000000 -3.28768709255441e-07
0.666667 89.111111 8000.000000 -3.28767859666235e-07
0.777778 89.111111 8000.000000 -3.28768136885653e-07
0.888889 89.111111 8000.000000 -3.28770115374253e-07
1.000000 89.111111 8000.000000 -3.28770327946252e-07
0.000000 89.222222 8000.000000 -3.28663869275156e-07
0.111111 89.222222 8000.000000 -3.28663979786528e-07
0.222222 89.222222 8000.000000 -3.28664193392186e-07
0.333333 89.222222 8000.000000 -3.28666108458668e-07
0.444444 89.222222 8000.000000 -3.28667943515185e-07
0.555556 89.222222 8000.000000 -3.28667943360097e-07
0.666667 89.222222 8000.000000 -3.2866610832148e-07
0.777778 89.222222 8000.000000 -3.28664193351259e-07
0.888889 89.222222 8000.000000 -3.28663979681711e-07
1.000000 89.222222 8000.000000 -3.28663869317212e-07
0.000000 89.333333 8000.000000 -3.28640386867523e-07
0.111111 89.333333 8000.000000 -3.28638793284129e-07
0.222222 89.333333 8000.000000 -3.28638713758733e-07
0.333333 89.333333 8000.000000 -3.28639057492027e-07
0.444444 89.333333 8000.000000 -3.28640097892716e-07
0.555556 89.333333 8000.000000 -3.28640097945057e-07
0.666667 89.333333 8000.000000 -3.2863905723945e-07
0.777778 89.333333 8000.000000 -3.28638713727318e-07
0.888889 89.333333 8000.000000 -3.28638793165701e-07
1.000000 89.333333 8000.000000 -3.28640386855616e-07
0.000000 89.444444 8000.000000 -3.28577669996048e-07
0.111111 89.444444 8000.000000 -3.28580036992826e-07
0.222222 89.444444 8000.000000 -3.28578574637961e-07
0.333333 89.444444 8000.000000 -3.28579035379846e-07
0.444444 89.444444 8000.000000 -3.28579491483999e-07
0.555556 89.444444 8000.000000 -3.28579491591235e-07
0.666667 89.444444 8000.000000 -3.28579035411312e-07
0.777778 89.444444 8000.000000 -3.28578574639349e-07
0.888889 89.444444 8000.000000 -3.28580037015056e-07
1.000000 89.444444 8000.000000 -3.28577669990578e-07
0.000000 89.555556 8000.000000 -3.28745892880135e-07
0.111111 89.555556 8000.000000 -3.28745433843076e-07
0.222222 89.555556 8000.000000 -3.28746151982814e-07
0.333333 89.555556 8000.000000 -3.2874594837916e-07
0.444444 89.555556 8000.000000 -3.28746692679158e-07
0.555556 89.555556 8000.000000 -3.28746692681422e-07
0.666667 89.555556 8000.000000 -3.28745948048542e-07
0.777778 89.555556 8000.000000 -3.28746151974838e-07
0.888889 89.555556 8000.000000 -3.28745433693357e-07
1.000000 89.555556 8000.000000 -3.2874589288791e-07
0.000000 89.666667 8000.000000 -3.28641863884977e-07
0.111111 89.666667 8000.000000 -3.28639773765998e-07
0.222222 89.666667 8000.000000 -3.28640779470431e-07
0.333333 89.666667 8000.000000 -3.28641101850508e-07
0.444444 89.666667 8000.000000 -3.28640257747431e-07
0.555556 89.666667 8000.000000 -3.28640257837885e-07
0.666667 89.666667 8000.000000 -3.2864110176716e-07
0.777778 89.666667 8000.000000 -3.28640779346064e-07
0.888889 89.666667 8000.000000 -3.28639773710455e-07
1.000000 89.666667 8000.000000 -3.28641863970153e-07
0.000000 89.777778 8000.000000 -3.28674354278146e-07
0.111111 89.777778 8000.000000 -3.28674384790474e-07
0.222222 89.777778 8000.000000 -3.28680687570842e-07
0.333333 89.777778 8000.000000 -3.28674856111573e-07
0.444444 89.777778 8000.000000 -3.28673117761261e-07
0.555556 89.777778 8000.000000 -3.28673117722313e-07
0.666667 89.777778 8000.000000 -3.28674856009277e-07
0.777778 89.777778 8000.000000 -3.28680687357351e-07
0.888889 89.777778 8000.000000 -3.28674384746778e-07
1.000000 89.777778 8000.000000 -3.28674354314612e-07
0.000000 89.888889 8000.000000 -3.28603426474352e-07
0.111111 89.888889 8000.000000 -3.28603707097787e-07
0.222222 89.888889 8000.000000 -3.28603552428902e-07
0.333333 89.888889 8000.000000 -3.2860305447707e-07
0.444444 89.888889 8000.000000 -3.28605090705432e-07
0.555556 89.888889 8000.000000 -3.28605090720783e-07
0.666667 89.888889 8000.000000 -3.28603054407526e-07
0.777778 89.888889 8000.000000 -3.28603552387435e-07
0.888889 89.888889 8000.000000 -3.28603706976393e-07
1.000000 89.888889 8000.000000 -3.28603426501024e-07
0.000000 90.000000 8000.000000 -3.28684511207931e-07
0.111111 90.000000 8000.000000 -3.28684511207931e-07
0.222222 90.000000 8000.000000 -3.28684511207931e-07
0.333333 90.000000 8000.000000 -3.28684511207931e-07
0.444444 90.000000 8000.000000 -3.28684511207931e-07
0.555556 90.000000 8000.000000 -3.28684511207931e-07
0.666667 90.000000 8000.000000 -3.28684511207931e-07
0.777778 90.000000 8000.000000 -3.28684511207931e-07
0.888889 90.000000 8000.000000 -3.28684511207931e-07
1.000000 90.000000 8000.000000 -3.28684511207931e-07
