# gzzz component calculated with tessgzzz 2017:
#   local time: Sun Mar 11 03:08:05 2018
#   model file: tesseroid_vs_spherical_shell_files/model-size1.0.tess (64800 tesseroids)
#   GLQ order: 2 lon / 2 lat / 2 r
#   Use recursive division of tesseroids: True
#   Distance-size ratio for recusive division: 37.5
0.000000 89.000000 10000.000000 -3.28243035883347e-07
0.111111 89.000000 10000.000000 -3.28242303600744e-07
0.222222 89.000000 10000.000000 -3.28242734342007e-07
0.333333 89.000000 10000.000000 -3.28241813461019e-07
0.444444 89.000000 10000.000000 -3.28242783328678e-07
0.555556 89.000000 10000.000000 -3.28242782905065e-07
0.666667 89.000000 10000.000000 -3.28241813352745e-07
0.777778 89.000000 10000.000000 -3.28242734167465e-07
0.888889 89.000000 10000.000000 -3.28242303618524e-07
1.000000 89.000000 10000.000000 -3.2824303588363e-07
0.000000 89.111111 10000.000000 -3.28219449546665e-07
0.111111 89.111111 10000.000000 -3.28219126282401e-07
0.222222 89.111111 10000.000000 -3.28219151513279e-07
0.333333 89.111111 10000.000000 -3.28219627274733e-07
0.444444 89.111111 10000.000000 -3.28219520970023e-07
0.555556 89.111111 10000.000000 -3.2821952102168e-07
0.666667 89.111111 10000.000000 -3.28219627226981e-07
0.777778 89.111111 10000.000000 -3.28219151527158e-07
0.888889 89.111111 10000.000000 -3.28219127551863e-07
1.000000 89.111111 10000.000000 -3.28219449554006e-07
0.000000 89.222222 10000.000000 -3.28211399971103e-07
0.111111 89.222222 10000.000000 -3.28211143897348e-07
0.222222 89.222222 10000.000000 -3.28212457536055e-07
0.333333 89.222222 10000.000000 -3.28212118445801e-07
0.444444 89.222222 10000.000000 -3.28211943084724e-07
0.555556 89.222222 10000.000000 -3.28211943060604e-07
0.666667 89.222222 10000.000000 -3.28212118463872e-07
0.777778 89.222222 10000.000000 -3.28212457344889e-07
0.888889 89.222222 10000.000000 -3.28211143863884e-07
1.000000 89.222222 10000.000000 -3.28211399931388e-07
0.000000 89.333333 10000.000000 -3.28215042780015e-07
0.111111 89.333333 10000.000000 -3.28214568624487e-07
0.222222 89.333333 10000.000000 -3.28214853895218e-07
0.333333 89.333333 10000.000000 -3.28214356363393e-07
0.444444 89.333333 10000.000000 -3.2821450229024e-07
0.555556 89.333333 10000.000000 -3.28214502279785e-07
0.666667 89.333333 10000.000000 -3.28214356314567e-07
0.777778 89.333333 10000.000000 -3.28214853818316e-07
0.888889 89.333333 10000.000000 -3.28214568583994e-07
1.000000 89.333333 10000.000000 -3.28215042690159e-07
0.000000 89.444444 10000.000000 -3.28287811025594e-07
0.111111 89.444444 10000.000000 -3.28289005925848e-07
0.222222 89.444444 10000.000000 -3.28287589560745e-07
0.333333 89.444444 10000.000000 -3.28287759963372e-07
0.444444 89.444444 10000.000000 -3.2828794889e-07
0.555556 89.444444 10000.000000 -3.28287948903661e-07
0.666667 89.444444 10000.000000 -3.28287759950073e-07
0.777778 89.444444 10000.000000 -3.28287589504128e-07
0.888889 89.444444 10000.000000 -3.28289005927504e-07
1.000000 89.444444 10000.000000 -3.28287810967873e-07
0.000000 89.555556 10000.000000 -3.28212914749238e-07
0.111111 89.555556 10000.000000 -3.28211885838528e-07
0.222222 89.555556 10000.000000 -3.28212877737757e-07
0.333333 89.555556 10000.000000 -3.28212328132121e-07
0.444444 89.555556 10000.000000 -3.28212255631858e-07
0.555556 89.555556 10000.000000 -3.28212255672362e-07
0.666667 89.555556 10000.000000 -3.28212327885202e-07
0.777778 89.555556 10000.000000 -3.28212877762684e-07
0.888889 89.555556 10000.000000 -3.28211885887714e-07
1.000000 89.555556 10000.000000 -3.28212914785442e-07
0.000000 89.666667 10000.000000 -3.28196540708647e-07
0.111111 89.666667 10000.000000 -3.28196631271611e-07
0.222222 89.666667 10000.000000 -3.28195811774389e-07
0.333333 89.666667 10000.000000 -3.2819611865305e-07
0.444444 89.666667 10000.000000 -3.28196093029853e-07
0.555556 89.666667 10000.000000 -3.28196093015777e-07
0.666667 89.666667 10000.000000 -3.28196118647677e-07
0.777778 89.666667 10000.000000 -3.28195811790823e-07
0.888889 89.666667 10000.000000 -3.2819663123739e-07
1.000000 89.666667 10000.000000 -3.28196540730167e-07
0.000000 89.777778 10000.000000 -3.28223119353869e-07
0.111111 89.777778 10000.000000 -3.28223104739283e-07
0.222222 89.777778 10000.000000 -3.28221991650625e-07
0.333333 89.777778 10000.000000 -3.2822216995069e-07
0.444444 89.777778 10000.000000 -3.28222416849503e-07
0.555556 89.777778 10000.000000 -3.28222416843312e-07
0.666667 89.777778 10000.000000 -3.28222169951612e-07
0.777778 89.777778 10000.000000 -3.28221991507724e-07
0.888889 89.777778 10000.000000 -3.2822310476233e-07
1.000000 89.777778 10000.000000 -3.28223119350955e-07
0.000000 89.888889 10000.000000 -3.28272033805426e-07
0.111111 89.888889 10000.000000 -3.2827091681368e-07
0.222222 89.888889 10000.000000 -3.28270599605805e-07
0.333333 89.888889 10000.000000 -3.28270612023893e-07
0.444444 89.888889 10000.000000 -3.28270886834595e-07
0.555556 89.888889 10000.000000 -3.28270886840127e-07
0.666667 89.888889 10000.000000 -3.28270612037848e-07
0.777778 89.888889 10000.000000 -3.28270599582412e-07
0.888889 89.888889 10000.000000 -3.28270916815366e-07
1.000000 89.888889 10000.000000 -3.28272033804868e-07
0.000000 90.000000 10000.000000 -3.28065580513386e-07
0.111111 90.000000 10000.000000 -3.28065580513386e-07
0.222222 90.000000 10000.000000 -3.28065580513386e-07
0.333333 90.000000 10000.000000 -3.28065580513386e-07
0.444444 90.000000 10000.000000 -3.28065580513386e-07
0.555556 90.000000 10000.000000 -3.28065580513386e-07
0.666667 90.000000 10000.000000 -3.28065580513386e-07
0.777778 90.000000 10000.000000 -3.28065580513386e-07
0.888889 90.000000 10000.000000 -3.28065580513386e-07
1.000000 90.000000 10000.000000 -3.28065580513386e-07
