# gzzz component calculated with tessgzzz 2017:
#   local time: Sun Mar 11 03:00:30 2018
#   model file: tesseroid_vs_spherical_shell_files/model-size1.0.tess (64800 tesseroids)
#   GLQ order: 2 lon / 2 lat / 2 r
#   Use recursive division of tesseroids: True
#   Distance-size ratio for recusive division: 22.5
0.000000 89.000000 8000.000000 -3.27224756910779e-07
0.111111 89.000000 8000.000000 -3.27217703929269e-07
0.222222 89.000000 8000.000000 -3.27245636189385e-07
0.333333 89.000000 8000.000000 -3.2722039712548e-07
0.444444 89.000000 8000.000000 -3.27244675012049e-07
0.555556 89.000000 8000.000000 -3.27244675046351e-07
0.666667 89.000000 8000.000000 -3.27220397144598e-07
0.777778 89.000000 8000.000000 -3.27245635892054e-07
0.888889 89.000000 8000.000000 -3.27217703939748e-07
1.000000 89.000000 8000.000000 -3.27224756898237e-07
0.000000 89.111111 8000.000000 -3.27712350950505e-07
0.111111 89.111111 8000.000000 -3.27746416367761e-07
0.222222 89.111111 8000.000000 -3.27718336582236e-07
0.333333 89.111111 8000.000000 -3.27765150239654e-07
0.444444 89.111111 8000.000000 -3.27706383510783e-07
0.555556 89.111111 8000.000000 -3.27706383576061e-07
0.666667 89.111111 8000.000000 -3.27765150221386e-07
0.777778 89.111111 8000.000000 -3.2771833656827e-07
0.888889 89.111111 8000.000000 -3.2774641877358e-07
1.000000 89.111111 8000.000000 -3.27712350960557e-07
0.000000 89.222222 8000.000000 -3.27995556049092e-07
0.111111 89.222222 8000.000000 -3.27943833417137e-07
0.222222 89.222222 8000.000000 -3.27984692466082e-07
0.333333 89.222222 8000.000000 -3.27964695619185e-07
0.444444 89.222222 8000.000000 -3.27956913667914e-07
0.555556 89.222222 8000.000000 -3.27956913671508e-07
0.666667 89.222222 8000.000000 -3.27964695679451e-07
0.777778 89.222222 8000.000000 -3.27984692406485e-07
0.888889 89.222222 8000.000000 -3.27943833395145e-07
1.000000 89.222222 8000.000000 -3.2799555602142e-07
0.000000 89.333333 8000.000000 -3.2800468812384e-07
0.111111 89.333333 8000.000000 -3.27978903756449e-07
0.222222 89.333333 8000.000000 -3.27979082350827e-07
0.333333 89.333333 8000.000000 -3.27970542772712e-07
0.444444 89.333333 8000.000000 -3.27964984504783e-07
0.555556 89.333333 8000.000000 -3.27964984523156e-07
0.666667 89.333333 8000.000000 -3.27970542817639e-07
0.777778 89.333333 8000.000000 -3.27979082354527e-07
0.888889 89.333333 8000.000000 -3.27978903804682e-07
1.000000 89.333333 8000.000000 -3.28004688026311e-07
0.000000 89.444444 8000.000000 -3.27312229113404e-07
0.111111 89.444444 8000.000000 -3.27268706030283e-07
0.222222 89.444444 8000.000000 -3.27269821245223e-07
0.333333 89.444444 8000.000000 -3.27264344590656e-07
0.444444 89.444444 8000.000000 -3.27266903815641e-07
0.555556 89.444444 8000.000000 -3.27266903760675e-07
0.666667 89.444444 8000.000000 -3.2726434460219e-07
0.777778 89.444444 8000.000000 -3.2726982115725e-07
0.888889 89.444444 8000.000000 -3.27268706109557e-07
1.000000 89.444444 8000.000000 -3.27312229083701e-07
0.000000 89.555556 8000.000000 -3.27028529735905e-07
0.111111 89.555556 8000.000000 -3.27017506449255e-07
0.222222 89.555556 8000.000000 -3.2701893298482e-07
0.333333 89.555556 8000.000000 -3.27016146381246e-07
0.444444 89.555556 8000.000000 -3.27015688510579e-07
0.555556 89.555556 8000.000000 -3.27015688557022e-07
0.666667 89.555556 8000.000000 -3.27016145906456e-07
0.777778 89.555556 8000.000000 -3.27018933012417e-07
0.888889 89.555556 8000.000000 -3.27017506394755e-07
1.000000 89.555556 8000.000000 -3.27028529753322e-07
0.000000 89.666667 8000.000000 -3.28155221120358e-07
0.111111 89.666667 8000.000000 -3.28145012739575e-07
0.222222 89.666667 8000.000000 -3.28143553221327e-07
0.333333 89.666667 8000.000000 -3.28137408697205e-07
0.444444 89.666667 8000.000000 -3.28154230460875e-07
0.555556 89.666667 8000.000000 -3.2815423049419e-07
0.666667 89.666667 8000.000000 -3.28137408679815e-07
0.777778 89.666667 8000.000000 -3.28143553189928e-07
0.888889 89.666667 8000.000000 -3.28145012696484e-07
1.000000 89.666667 8000.000000 -3.28155221149686e-07
0.000000 89.777778 8000.000000 -3.26949924395262e-07
0.111111 89.777778 8000.000000 -3.26958369524227e-07
0.222222 89.777778 8000.000000 -3.26962835547819e-07
0.333333 89.777778 8000.000000 -3.2697652438703e-07
0.444444 89.777778 8000.000000 -3.27002697206905e-07
0.555556 89.777778 8000.000000 -3.27002697192534e-07
0.666667 89.777778 8000.000000 -3.26976524450461e-07
0.777778 89.777778 8000.000000 -3.26962835377197e-07
0.888889 89.777778 8000.000000 -3.26958369491017e-07
1.000000 89.777778 8000.000000 -3.26949924415248e-07
0.000000 89.888889 8000.000000 -3.27717105875228e-07
0.111111 89.888889 8000.000000 -3.277074184256e-07
0.222222 89.888889 8000.000000 -3.27708971559369e-07
0.333333 89.888889 8000.000000 -3.2771152595948e-07
0.444444 89.888889 8000.000000 -3.27714078678717e-07
0.555556 89.888889 8000.000000 -3.2771407868548e-07
0.666667 89.888889 8000.000000 -3.27711525967837e-07
0.777778 89.888889 8000.000000 -3.27708971549328e-07
0.888889 89.888889 8000.000000 -3.27707418446011e-07
1.000000 89.888889 8000.000000 -3.27717105947918e-07
0.000000 90.000000 8000.000000 -3.28337510019669e-07
0.111111 90.000000 8000.000000 -3.28337510019669e-07
0.222222 90.000000 8000.000000 -3.28337510019669e-07
0.333333 90.000000 8000.000000 -3.28337510019669e-07
0.444444 90.000000 8000.000000 -3.28337510019669e-07
0.555556 90.000000 8000.000000 -3.28337510019669e-07
0.666667 90.000000 8000.000000 -3.28337510019669e-07
0.777778 90.000000 8000.000000 -3.28337510019669e-07
0.888889 90.000000 8000.000000 -3.28337510019669e-07
1.000000 90.000000 8000.000000 -3.28337510019669e-07
