# gzzz component calculated with tessgzzz 2017:
#   local time: Sun Mar 11 02:43:25 2018
#   model file: tesseroid_vs_spherical_shell_files/model-size1.0.tess (64800 tesseroids)
#   GLQ order: 2 lon / 2 lat / 2 r
#   Use recursive division of tesseroids: True
#   Distance-size ratio for recusive division: 25
0.000000 89.000000 4000.000000 -3.28757121542803e-07
0.111111 89.000000 4000.000000 -3.28741541134395e-07
0.222222 89.000000 4000.000000 -3.28756615810329e-07
0.333333 89.000000 4000.000000 -3.28739573256779e-07
0.444444 89.000000 4000.000000 -3.28770314746269e-07
0.555556 89.000000 4000.000000 -3.28770314590242e-07
0.666667 89.000000 4000.000000 -3.28739573961733e-07
0.777778 89.000000 4000.000000 -3.28756616855625e-07
0.888889 89.000000 4000.000000 -3.28741543676654e-07
1.000000 89.000000 4000.000000 -3.28757121774596e-07
0.000000 89.111111 4000.000000 -3.27650541763286e-07
0.111111 89.111111 4000.000000 -3.27621609264905e-07
0.222222 89.111111 4000.000000 -3.27652939677231e-07
0.333333 89.111111 4000.000000 -3.27629208587777e-07
0.444444 89.111111 4000.000000 -3.27627404993843e-07
0.555556 89.111111 4000.000000 -3.27627405033146e-07
0.666667 89.111111 4000.000000 -3.2762920851629e-07
0.777778 89.111111 4000.000000 -3.27652939730761e-07
0.888889 89.111111 4000.000000 -3.27621609786911e-07
1.000000 89.111111 4000.000000 -3.27650541801777e-07
0.000000 89.222222 4000.000000 -3.27567102687091e-07
0.111111 89.222222 4000.000000 -3.2759111082402e-07
0.222222 89.222222 4000.000000 -3.27571995458926e-07
0.333333 89.222222 4000.000000 -3.27548407496246e-07
0.444444 89.222222 4000.000000 -3.27550804175016e-07
0.555556 89.222222 4000.000000 -3.27550804321232e-07
0.666667 89.222222 4000.000000 -3.27548406047108e-07
0.777778 89.222222 4000.000000 -3.27571995810498e-07
0.888889 89.222222 4000.000000 -3.27591110668863e-07
1.000000 89.222222 4000.000000 -3.27567103097882e-07
0.000000 89.333333 4000.000000 -3.29735225236057e-07
0.111111 89.333333 4000.000000 -3.29711473794066e-07
0.222222 89.333333 4000.000000 -3.29728501475593e-07
0.333333 89.333333 4000.000000 -3.29697195382086e-07
0.444444 89.333333 4000.000000 -3.29691450677287e-07
0.555556 89.333333 4000.000000 -3.2969145030658e-07
0.666667 89.333333 4000.000000 -3.29697196301213e-07
0.777778 89.333333 4000.000000 -3.29728501935958e-07
0.888889 89.333333 4000.000000 -3.29711475434847e-07
1.000000 89.333333 4000.000000 -3.2973522529849e-07
0.000000 89.444444 4000.000000 -3.30576724330972e-07
0.111111 89.444444 4000.000000 -3.30522916613233e-07
0.222222 89.444444 4000.000000 -3.30513698058907e-07
0.333333 89.444444 4000.000000 -3.30433700508238e-07
0.444444 89.444444 4000.000000 -3.30471694132531e-07
0.555556 89.444444 4000.000000 -3.30471694215131e-07
0.666667 89.444444 4000.000000 -3.30433700433187e-07
0.777778 89.444444 4000.000000 -3.30513697893858e-07
0.888889 89.444444 4000.000000 -3.30522916793284e-07
1.000000 89.444444 4000.000000 -3.30576724676993e-07
0.000000 89.555556 4000.000000 -3.28441325597674e-07
0.111111 89.555556 4000.000000 -3.28491206246821e-07
0.222222 89.555556 4000.000000 -3.28449961019268e-07
0.333333 89.555556 4000.000000 -3.2839203142978e-07
0.444444 89.555556 4000.000000 -3.28407914439645e-07
0.555556 89.555556 4000.000000 -3.284079144199e-07
0.666667 89.555556 4000.000000 -3.28392031720075e-07
0.777778 89.555556 4000.000000 -3.28449959878651e-07
0.888889 89.555556 4000.000000 -3.28491203095186e-07
1.000000 89.555556 4000.000000 -3.28441324914542e-07
0.000000 89.666667 4000.000000 -3.29487870309051e-07
0.111111 89.666667 4000.000000 -3.29511865364826e-07
0.222222 89.666667 4000.000000 -3.29502650491857e-07
0.333333 89.666667 4000.000000 -3.29521181851253e-07
0.444444 89.666667 4000.000000 -3.29498916607914e-07
0.555556 89.666667 4000.000000 -3.29498916583972e-07
0.666667 89.666667 4000.000000 -3.29521181987889e-07
0.777778 89.666667 4000.000000 -3.29502651024741e-07
0.888889 89.666667 4000.000000 -3.29511865094604e-07
1.000000 89.666667 4000.000000 -3.29487871245891e-07
0.000000 89.777778 4000.000000 -3.27778161382659e-07
0.111111 89.777778 4000.000000 -3.27698484283869e-07
0.222222 89.777778 4000.000000 -3.27714344159293e-07
0.333333 89.777778 4000.000000 -3.27695197012231e-07
0.444444 89.777778 4000.000000 -3.27768255178483e-07
0.555556 89.777778 4000.000000 -3.27768255280089e-07
0.666667 89.777778 4000.000000 -3.27695196904516e-07
0.777778 89.777778 4000.000000 -3.27714345271558e-07
0.888889 89.777778 4000.000000 -3.27698483994438e-07
1.000000 89.777778 4000.000000 -3.27778161411001e-07
0.000000 89.888889 4000.000000 -3.27328103342152e-07
0.111111 89.888889 4000.000000 -3.27371807322641e-07
0.222222 89.888889 4000.000000 -3.27374609971844e-07
0.333333 89.888889 4000.000000 -3.27321298890337e-07
0.444444 89.888889 4000.000000 -3.27288424343375e-07
0.555556 89.888889 4000.000000 -3.27288424481391e-07
0.666667 89.888889 4000.000000 -3.27321298810987e-07
0.777778 89.888889 4000.000000 -3.27374610032315e-07
0.888889 89.888889 4000.000000 -3.27371807789156e-07
1.000000 89.888889 4000.000000 -3.27328103744594e-07
0.000000 90.000000 4000.000000 -3.24918274958143e-07
0.111111 90.000000 4000.000000 -3.24918274958143e-07
0.222222 90.000000 4000.000000 -3.24918274958143e-07
0.333333 90.000000 4000.000000 -3.24918274958143e-07
0.444444 90.000000 4000.000000 -3.24918274958143e-07
0.555556 90.000000 4000.000000 -3.24918274958143e-07
0.666667 90.000000 4000.000000 -3.24918274958143e-07
0.777778 90.000000 4000.000000 -3.24918274958143e-07
0.888889 90.000000 4000.000000 -3.24918274958143e-07
1.000000 90.000000 4000.000000 -3.24918274958143e-07
