# gzzz component calculated with tessgzzz 2017:
#   local time: Sun Mar 11 03:12:04 2018
#   model file: tesseroid_vs_spherical_shell_files/model-size1.0.tess (64800 tesseroids)
#   GLQ order: 2 lon / 2 lat / 2 r
#   Use recursive division of tesseroids: True
#   Distance-size ratio for recusive division: 25
0.000000 89.000000 50000.000000 -3.20118249026885e-07
0.111111 89.000000 50000.000000 -3.20118220730186e-07
0.222222 89.000000 50000.000000 -3.20118233816772e-07
0.333333 89.000000 50000.000000 -3.20118758006589e-07
0.444444 89.000000 50000.000000 -3.20118986894803e-07
0.555556 89.000000 50000.000000 -3.20118986892588e-07
0.666667 89.000000 50000.000000 -3.20118758002982e-07
0.777778 89.000000 50000.000000 -3.20118233816672e-07
0.888889 89.000000 50000.000000 -3.2011822072974e-07
1.000000 89.000000 50000.000000 -3.20118249026847e-07
0.000000 89.111111 50000.000000 -3.20113455463727e-07
0.111111 89.111111 50000.000000 -3.20113470056389e-07
0.222222 89.111111 50000.000000 -3.20113452589292e-07
0.333333 89.111111 50000.000000 -3.20113465171281e-07
0.444444 89.111111 50000.000000 -3.20113483629341e-07
0.555556 89.111111 50000.000000 -3.20113483628112e-07
0.666667 89.111111 50000.000000 -3.20113465172166e-07
0.777778 89.111111 50000.000000 -3.20113452588865e-07
0.888889 89.111111 50000.000000 -3.20113470055703e-07
1.000000 89.111111 50000.000000 -3.20113455463925e-07
0.000000 89.222222 50000.000000 -3.20113676665545e-07
0.111111 89.222222 50000.000000 -3.2011372425459e-07
0.222222 89.222222 50000.000000 -3.20113719905978e-07
0.333333 89.222222 50000.000000 -3.20113737855283e-07
0.444444 89.222222 50000.000000 -3.20113736476904e-07
0.555556 89.222222 50000.000000 -3.20113736477301e-07
0.666667 89.222222 50000.000000 -3.20113737856276e-07
0.777778 89.222222 50000.000000 -3.20113719906181e-07
0.888889 89.222222 50000.000000 -3.20113724253777e-07
1.000000 89.222222 50000.000000 -3.20113676665892e-07
0.000000 89.333333 50000.000000 -3.20115349706165e-07
0.111111 89.333333 50000.000000 -3.20115353985893e-07
0.222222 89.333333 50000.000000 -3.20115337456077e-07
0.333333 89.333333 50000.000000 -3.20115323959079e-07
0.444444 89.333333 50000.000000 -3.2011531328824e-07
0.555556 89.333333 50000.000000 -3.2011531328766e-07
0.666667 89.333333 50000.000000 -3.20115323958304e-07
0.777778 89.333333 50000.000000 -3.20115337456969e-07
0.888889 89.333333 50000.000000 -3.20115353984739e-07
1.000000 89.333333 50000.000000 -3.20115349705675e-07
0.000000 89.444444 50000.000000 -3.20115371405313e-07
0.111111 89.444444 50000.000000 -3.20115371587556e-07
0.222222 89.444444 50000.000000 -3.20115366953038e-07
0.333333 89.444444 50000.000000 -3.20115373783068e-07
0.444444 89.444444 50000.000000 -3.20115374025388e-07
0.555556 89.444444 50000.000000 -3.20115374024738e-07
0.666667 89.444444 50000.000000 -3.20115373782893e-07
0.777778 89.444444 50000.000000 -3.20115366953598e-07
0.888889 89.444444 50000.000000 -3.2011537158701e-07
1.000000 89.444444 50000.000000 -3.20115371405318e-07
0.000000 89.555556 50000.000000 -3.20114873994549e-07
0.111111 89.555556 50000.000000 -3.20114897993537e-07
0.222222 89.555556 50000.000000 -3.20114886482098e-07
0.333333 89.555556 50000.000000 -3.20114887841548e-07
0.444444 89.555556 50000.000000 -3.2011488941192e-07
0.555556 89.555556 50000.000000 -3.20114889409839e-07
0.666667 89.555556 50000.000000 -3.20114887840741e-07
0.777778 89.555556 50000.000000 -3.20114886483261e-07
0.888889 89.555556 50000.000000 -3.20114897994252e-07
1.000000 89.555556 50000.000000 -3.20114873994504e-07
0.000000 89.666667 50000.000000 -3.20114828231077e-07
0.111111 89.666667 50000.000000 -3.20114820707758e-07
0.222222 89.666667 50000.000000 -3.20114807886869e-07
0.333333 89.666667 50000.000000 -3.20114824352552e-07
0.444444 89.666667 50000.000000 -3.20114821615087e-07
0.555556 89.666667 50000.000000 -3.20114821615609e-07
0.666667 89.666667 50000.000000 -3.20114824351929e-07
0.777778 89.666667 50000.000000 -3.20114807886648e-07
0.888889 89.666667 50000.000000 -3.20114820707395e-07
1.000000 89.666667 50000.000000 -3.20114828231373e-07
0.000000 89.777778 50000.000000 -3.20111558818106e-07
0.111111 89.777778 50000.000000 -3.20111548976279e-07
0.222222 89.777778 50000.000000 -3.20111549960713e-07
0.333333 89.777778 50000.000000 -3.2011154511252e-07
0.444444 89.777778 50000.000000 -3.20111537864587e-07
0.555556 89.777778 50000.000000 -3.2011153786462e-07
0.666667 89.777778 50000.000000 -3.20111545112724e-07
0.777778 89.777778 50000.000000 -3.20111549961826e-07
0.888889 89.777778 50000.000000 -3.20111548976074e-07
1.000000 89.777778 50000.000000 -3.2011155881824e-07
0.000000 89.888889 50000.000000 -3.2009493559826e-07
0.111111 89.888889 50000.000000 -3.20094938202557e-07
0.222222 89.888889 50000.000000 -3.20094927311468e-07
0.333333 89.888889 50000.000000 -3.2009492614103e-07
0.444444 89.888889 50000.000000 -3.2009491866381e-07
0.555556 89.888889 50000.000000 -3.20094918663208e-07
0.666667 89.888889 50000.000000 -3.200949261401e-07
0.777778 89.888889 50000.000000 -3.20094927311149e-07
0.888889 89.888889 50000.000000 -3.20094938202624e-07
1.000000 89.888889 50000.000000 -3.20094935598217e-07
0.000000 90.000000 50000.000000 -3.20078163240567e-07
0.111111 90.000000 50000.000000 -3.20078163240567e-07
0.222222 90.000000 50000.000000 -3.20078163240567e-07
0.333333 90.000000 50000.000000 -3.20078163240567e-07
0.444444 90.000000 50000.000000 -3.20078163240567e-07
0.555556 90.000000 50000.000000 -3.20078163240567e-07
0.666667 90.000000 50000.000000 -3.20078163240567e-07
0.777778 90.000000 50000.000000 -3.20078163240567e-07
0.888889 90.000000 50000.000000 -3.20078163240567e-07
1.000000 90.000000 50000.000000 -3.20078163240567e-07
