# gzzz component calculated with tessgzzz 2017:
#   local time: Sun Mar 11 02:59:45 2018
#   model file: tesseroid_vs_spherical_shell_files/model-size1.0.tess (64800 tesseroids)
#   GLQ order: 2 lon / 2 lat / 2 r
#   Use recursive division of tesseroids: True
#   Distance-size ratio for recusive division: 7.5
0.000000 89.000000 8000.000000 -3.04837886079681e-07
0.111111 89.000000 8000.000000 -3.06007498321618e-07
0.222222 89.000000 8000.000000 -3.10469780922634e-07
0.333333 89.000000 8000.000000 -3.08644559810769e-07
0.444444 89.000000 8000.000000 -3.09394979895158e-07
0.555556 89.000000 8000.000000 -3.09394979898574e-07
0.666667 89.000000 8000.000000 -3.08644560035199e-07
0.777778 89.000000 8000.000000 -3.10469781257788e-07
0.888889 89.000000 8000.000000 -3.06007498281029e-07
1.000000 89.000000 8000.000000 -3.04837886092461e-07
0.000000 89.111111 8000.000000 -2.9392495426064e-07
0.111111 89.111111 8000.000000 -2.93568535984576e-07
0.222222 89.111111 8000.000000 -2.92704703773681e-07
0.333333 89.111111 8000.000000 -2.91821280833249e-07
0.444444 89.111111 8000.000000 -2.99202704723763e-07
0.555556 89.111111 8000.000000 -2.9920270472338e-07
0.666667 89.111111 8000.000000 -2.91821280845582e-07
0.777778 89.111111 8000.000000 -2.92704703782643e-07
0.888889 89.111111 8000.000000 -2.93568535994225e-07
1.000000 89.111111 8000.000000 -2.93924954255978e-07
0.000000 89.222222 8000.000000 -2.76605367206213e-07
0.111111 89.222222 8000.000000 -2.75834570138085e-07
0.222222 89.222222 8000.000000 -2.64329166631466e-07
0.333333 89.222222 8000.000000 -2.64903358284356e-07
0.444444 89.222222 8000.000000 -2.64711234638482e-07
0.555556 89.222222 8000.000000 -2.64711234642141e-07
0.666667 89.222222 8000.000000 -2.64903355683179e-07
0.777778 89.222222 8000.000000 -2.64329166639128e-07
0.888889 89.222222 8000.000000 -2.75834570136172e-07
1.000000 89.222222 8000.000000 -2.76605367194002e-07
0.000000 89.333333 8000.000000 -2.68266246993256e-07
0.111111 89.333333 8000.000000 -2.69757494979811e-07
0.222222 89.333333 8000.000000 -2.70225018385761e-07
0.333333 89.333333 8000.000000 -2.6593236727782e-07
0.444444 89.333333 8000.000000 -2.65446867423438e-07
0.555556 89.333333 8000.000000 -2.65446867415983e-07
0.666667 89.333333 8000.000000 -2.65932367285107e-07
0.777778 89.333333 8000.000000 -2.70225018396487e-07
0.888889 89.333333 8000.000000 -2.697574949751e-07
1.000000 89.333333 8000.000000 -2.68266246999813e-07
0.000000 89.444444 8000.000000 -3.67635937727193e-07
0.111111 89.444444 8000.000000 -3.68318540919563e-07
0.222222 89.444444 8000.000000 -3.68488174179362e-07
0.333333 89.444444 8000.000000 -3.6906827294797e-07
0.444444 89.444444 8000.000000 -3.69627671961976e-07
0.555556 89.444444 8000.000000 -3.69627672040655e-07
0.666667 89.444444 8000.000000 -3.69068272941219e-07
0.777778 89.444444 8000.000000 -3.68488174191084e-07
0.888889 89.444444 8000.000000 -3.68318540589392e-07
1.000000 89.444444 8000.000000 -3.67635937726216e-07
0.000000 89.555556 8000.000000 -3.13379735599969e-07
0.111111 89.555556 8000.000000 -3.14821914976456e-07
0.222222 89.555556 8000.000000 -3.14815323827544e-07
0.333333 89.555556 8000.000000 -3.13246802870856e-07
0.444444 89.555556 8000.000000 -3.13214635382329e-07
0.555556 89.555556 8000.000000 -3.13214635413293e-07
0.666667 89.555556 8000.000000 -3.13246802883709e-07
0.777778 89.555556 8000.000000 -3.14815323846402e-07
0.888889 89.555556 8000.000000 -3.14821914997989e-07
1.000000 89.555556 8000.000000 -3.1337973560297e-07
0.000000 89.666667 8000.000000 -3.10914637533264e-07
0.111111 89.666667 8000.000000 -3.10771097599873e-07
0.222222 89.666667 8000.000000 -3.10777781930996e-07
0.333333 89.666667 8000.000000 -3.10753206352807e-07
0.444444 89.666667 8000.000000 -3.10677045059032e-07
0.555556 89.666667 8000.000000 -3.10677045050353e-07
0.666667 89.666667 8000.000000 -3.10753206369577e-07
0.777778 89.666667 8000.000000 -3.10777781927527e-07
0.888889 89.666667 8000.000000 -3.10771097645889e-07
1.000000 89.666667 8000.000000 -3.10914637518683e-07
0.000000 89.777778 8000.000000 -3.07123964458932e-07
0.111111 89.777778 8000.000000 -3.06676333351328e-07
0.222222 89.777778 8000.000000 -3.06650030085898e-07
0.333333 89.777778 8000.000000 -3.06199722160877e-07
0.444444 89.777778 8000.000000 -3.06216105609425e-07
0.555556 89.777778 8000.000000 -3.06216105600435e-07
0.666667 89.777778 8000.000000 -3.06199722160784e-07
0.777778 89.777778 8000.000000 -3.06650030079793e-07
0.888889 89.777778 8000.000000 -3.06676332938281e-07
1.000000 89.777778 8000.000000 -3.07123964464974e-07
0.000000 89.888889 8000.000000 -3.11639460758091e-07
0.111111 89.888889 8000.000000 -3.11845221226243e-07
0.222222 89.888889 8000.000000 -3.11809109511531e-07
0.333333 89.888889 8000.000000 -3.11737251942035e-07
0.444444 89.888889 8000.000000 -3.11382599886872e-07
0.555556 89.888889 8000.000000 -3.11382599931169e-07
0.666667 89.888889 8000.000000 -3.117372519546e-07
0.777778 89.888889 8000.000000 -3.11809109534784e-07
0.888889 89.888889 8000.000000 -3.11845221246541e-07
1.000000 89.888889 8000.000000 -3.11639460757328e-07
0.000000 90.000000 8000.000000 -1.2244774469852e-07
0.111111 90.000000 8000.000000 -1.2244774469852e-07
0.222222 90.000000 8000.000000 -1.2244774469852e-07
0.333333 90.000000 8000.000000 -1.2244774469852e-07
0.444444 90.000000 8000.000000 -1.2244774469852e-07
0.555556 90.000000 8000.000000 -1.2244774469852e-07
0.666667 90.000000 8000.000000 -1.2244774469852e-07
0.777778 90.000000 8000.000000 -1.2244774469852e-07
0.888889 90.000000 8000.000000 -1.2244774469852e-07
1.000000 90.000000 8000.000000 -1.2244774469852e-07
