# gzzz component calculated with tessgzzz 2017:
#   local time: Sun Mar 11 02:44:30 2018
#   model file: tesseroid_vs_spherical_shell_files/model-size1.0.tess (64800 tesseroids)
#   GLQ order: 2 lon / 2 lat / 2 r
#   Use recursive division of tesseroids: True
#   Distance-size ratio for recusive division: 32.5
0.000000 89.000000 4000.000000 -3.30734788340795e-07
0.111111 89.000000 4000.000000 -3.30731399508837e-07
0.222222 89.000000 4000.000000 -3.30730158501059e-07
0.333333 89.000000 4000.000000 -3.30728986758776e-07
0.444444 89.000000 4000.000000 -3.3073884435269e-07
0.555556 89.000000 4000.000000 -3.30738844494742e-07
0.666667 89.000000 4000.000000 -3.30728986654241e-07
0.777778 89.000000 4000.000000 -3.30730157583669e-07
0.888889 89.000000 4000.000000 -3.30731403606854e-07
1.000000 89.000000 4000.000000 -3.30734789111254e-07
0.000000 89.111111 4000.000000 -3.30753830241799e-07
0.111111 89.111111 4000.000000 -3.30758942782525e-07
0.222222 89.111111 4000.000000 -3.30763390901952e-07
0.333333 89.111111 4000.000000 -3.30754832571584e-07
0.444444 89.111111 4000.000000 -3.30759522421563e-07
0.555556 89.111111 4000.000000 -3.30759521988306e-07
0.666667 89.111111 4000.000000 -3.30754835062944e-07
0.777778 89.111111 4000.000000 -3.30763390781499e-07
0.888889 89.111111 4000.000000 -3.30758941907126e-07
1.000000 89.111111 4000.000000 -3.30753829575103e-07
0.000000 89.222222 4000.000000 -3.29904277395126e-07
0.111111 89.222222 4000.000000 -3.29904339260038e-07
0.222222 89.222222 4000.000000 -3.29901929391932e-07
0.333333 89.222222 4000.000000 -3.29897297738728e-07
0.444444 89.222222 4000.000000 -3.29903175774834e-07
0.555556 89.222222 4000.000000 -3.2990317695755e-07
0.666667 89.222222 4000.000000 -3.29897295942108e-07
0.777778 89.222222 4000.000000 -3.29901929448303e-07
0.888889 89.222222 4000.000000 -3.2990434010243e-07
1.000000 89.222222 4000.000000 -3.29904279405427e-07
0.000000 89.333333 4000.000000 -3.29788985230144e-07
0.111111 89.333333 4000.000000 -3.29807654958149e-07
0.222222 89.333333 4000.000000 -3.29818584444287e-07
0.333333 89.333333 4000.000000 -3.29819120183377e-07
0.444444 89.333333 4000.000000 -3.29796098152131e-07
0.555556 89.333333 4000.000000 -3.29796097701517e-07
0.666667 89.333333 4000.000000 -3.29819120278025e-07
0.777778 89.333333 4000.000000 -3.29818583995627e-07
0.888889 89.333333 4000.000000 -3.29807654585682e-07
1.000000 89.333333 4000.000000 -3.29788985027578e-07
0.000000 89.444444 4000.000000 -3.29884487760928e-07
0.111111 89.444444 4000.000000 -3.29867961484648e-07
0.222222 89.444444 4000.000000 -3.29867471578459e-07
0.333333 89.444444 4000.000000 -3.29866179451246e-07
0.444444 89.444444 4000.000000 -3.29886750383878e-07
0.555556 89.444444 4000.000000 -3.29886750735458e-07
0.666667 89.444444 4000.000000 -3.29866179489391e-07
0.777778 89.444444 4000.000000 -3.29867472177209e-07
0.888889 89.444444 4000.000000 -3.29867961459755e-07
1.000000 89.444444 4000.000000 -3.29884486595253e-07
0.000000 89.555556 4000.000000 -3.30714647379775e-07
0.111111 89.555556 4000.000000 -3.30713296232882e-07
0.222222 89.555556 4000.000000 -3.30700355314441e-07
0.333333 89.555556 4000.000000 -3.30711198332269e-07
0.444444 89.555556 4000.000000 -3.30717414815191e-07
0.555556 89.555556 4000.000000 -3.30717414837709e-07
0.666667 89.555556 4000.000000 -3.30711198183005e-07
0.777778 89.555556 4000.000000 -3.30700353427417e-07
0.888889 89.555556 4000.000000 -3.30713293714734e-07
1.000000 89.555556 4000.000000 -3.30714647347735e-07
0.000000 89.666667 4000.000000 -3.29834735958133e-07
0.111111 89.666667 4000.000000 -3.29843729923635e-07
0.222222 89.666667 4000.000000 -3.29838431199505e-07
0.333333 89.666667 4000.000000 -3.29843841859908e-07
0.444444 89.666667 4000.000000 -3.29841297298889e-07
0.555556 89.666667 4000.000000 -3.29841296781823e-07
0.666667 89.666667 4000.000000 -3.29843842157623e-07
0.777778 89.666667 4000.000000 -3.2983843141835e-07
0.888889 89.666667 4000.000000 -3.29843729824421e-07
1.000000 89.666667 4000.000000 -3.29834736038693e-07
0.000000 89.777778 4000.000000 -3.30419672467237e-07
0.111111 89.777778 4000.000000 -3.30454892967677e-07
0.222222 89.777778 4000.000000 -3.30431240513729e-07
0.333333 89.777778 4000.000000 -3.30439420802423e-07
0.444444 89.777778 4000.000000 -3.30428064000524e-07
0.555556 89.777778 4000.000000 -3.30428064633696e-07
0.666667 89.777778 4000.000000 -3.30439420622568e-07
0.777778 89.777778 4000.000000 -3.30431240251693e-07
0.888889 89.777778 4000.000000 -3.30454893307187e-07
1.000000 89.777778 4000.000000 -3.30419672610238e-07
0.000000 89.888889 4000.000000 -3.30513609377991e-07
0.111111 89.888889 4000.000000 -3.30501785936361e-07
0.222222 89.888889 4000.000000 -3.30499593357364e-07
0.333333 89.888889 4000.000000 -3.30505431789275e-07
0.444444 89.888889 4000.000000 -3.30506628189898e-07
0.555556 89.888889 4000.000000 -3.3050662801322e-07
0.666667 89.888889 4000.000000 -3.30505432140414e-07
0.777778 89.888889 4000.000000 -3.30499593219688e-07
0.888889 89.888889 4000.000000 -3.30501785883931e-07
1.000000 89.888889 4000.000000 -3.30513609315508e-07
0.000000 90.000000 4000.000000 -3.28867886655852e-07
0.111111 90.000000 4000.000000 -3.28867886655852e-07
0.222222 90.000000 4000.000000 -3.28867886655852e-07
0.333333 90.000000 4000.000000 -3.28867886655852e-07
0.444444 90.000000 4000.000000 -3.28867886655852e-07
0.555556 90.000000 4000.000000 -3.28867886655852e-07
0.666667 90.000000 4000.000000 -3.28867886655852e-07
0.777778 90.000000 4000.000000 -3.28867886655852e-07
0.888889 90.000000 4000.000000 -3.28867886655852e-07
1.000000 90.000000 4000.000000 -3.28867886655852e-07
