# gzzz component calculated with tessgzzz 2017:
#   local time: Sun Mar 11 03:08:27 2018
#   model file: tesseroid_vs_spherical_shell_files/model-size1.0.tess (64800 tesseroids)
#   GLQ order: 2 lon / 2 lat / 2 r
#   Use recursive division of tesseroids: True
#   Distance-size ratio for recusive division: 40
0.000000 89.000000 10000.000000 -3.28355331857889e-07
0.111111 89.000000 10000.000000 -3.28356224486435e-07
0.222222 89.000000 10000.000000 -3.28356543793385e-07
0.333333 89.000000 10000.000000 -3.2835711723265e-07
0.444444 89.000000 10000.000000 -3.28356708011842e-07
0.555556 89.000000 10000.000000 -3.28356707578261e-07
0.666667 89.000000 10000.000000 -3.28357117151175e-07
0.777778 89.000000 10000.000000 -3.28356543620043e-07
0.888889 89.000000 10000.000000 -3.28356224486262e-07
1.000000 89.000000 10000.000000 -3.28355331864423e-07
0.000000 89.111111 10000.000000 -3.28303999914939e-07
0.111111 89.111111 10000.000000 -3.28303730792837e-07
0.222222 89.111111 10000.000000 -3.28303495277918e-07
0.333333 89.111111 10000.000000 -3.2830405173494e-07
0.444444 89.111111 10000.000000 -3.28304197171173e-07
0.555556 89.111111 10000.000000 -3.28304197216149e-07
0.666667 89.111111 10000.000000 -3.28304051671711e-07
0.777778 89.111111 10000.000000 -3.28303495290902e-07
0.888889 89.111111 10000.000000 -3.28303731853509e-07
1.000000 89.111111 10000.000000 -3.28303999941436e-07
0.000000 89.222222 10000.000000 -3.28301272150593e-07
0.111111 89.222222 10000.000000 -3.28300413505382e-07
0.222222 89.222222 10000.000000 -3.28300860773449e-07
0.333333 89.222222 10000.000000 -3.28300410859759e-07
0.444444 89.222222 10000.000000 -3.28300953047992e-07
0.555556 89.222222 10000.000000 -3.28300952998594e-07
0.666667 89.222222 10000.000000 -3.28300410868124e-07
0.777778 89.222222 10000.000000 -3.2830086057138e-07
0.888889 89.222222 10000.000000 -3.28300413450346e-07
1.000000 89.222222 10000.000000 -3.28301272067356e-07
0.000000 89.333333 10000.000000 -3.28272766143064e-07
0.111111 89.333333 10000.000000 -3.28272347304312e-07
0.222222 89.333333 10000.000000 -3.28271521451974e-07
0.333333 89.333333 10000.000000 -3.28271755018252e-07
0.444444 89.333333 10000.000000 -3.28271975025251e-07
0.555556 89.333333 10000.000000 -3.28271975009662e-07
0.666667 89.333333 10000.000000 -3.28271754985184e-07
0.777778 89.333333 10000.000000 -3.28271521361353e-07
0.888889 89.333333 10000.000000 -3.28272347248937e-07
1.000000 89.333333 10000.000000 -3.28272766043746e-07
0.000000 89.444444 10000.000000 -3.28283553460238e-07
0.111111 89.444444 10000.000000 -3.28284045338099e-07
0.222222 89.444444 10000.000000 -3.28282185763009e-07
0.333333 89.444444 10000.000000 -3.28283320159127e-07
0.444444 89.444444 10000.000000 -3.28282173649723e-07
0.555556 89.444444 10000.000000 -3.28282173680244e-07
0.666667 89.444444 10000.000000 -3.28283320120228e-07
0.777778 89.444444 10000.000000 -3.28282185689008e-07
0.888889 89.444444 10000.000000 -3.28284045322199e-07
1.000000 89.444444 10000.000000 -3.28283553422414e-07
0.000000 89.555556 10000.000000 -3.28268791316301e-07
0.111111 89.555556 10000.000000 -3.28270277177362e-07
0.222222 89.555556 10000.000000 -3.28268389312068e-07
0.333333 89.555556 10000.000000 -3.28270642159574e-07
0.444444 89.555556 10000.000000 -3.28268427124818e-07
0.555556 89.555556 10000.000000 -3.28268427166154e-07
0.666667 89.555556 10000.000000 -3.28270641912536e-07
0.777778 89.555556 10000.000000 -3.28268389323528e-07
0.888889 89.555556 10000.000000 -3.28270277270745e-07
1.000000 89.555556 10000.000000 -3.28268791339099e-07
0.000000 89.666667 10000.000000 -3.2826652626e-07
0.111111 89.666667 10000.000000 -3.28266309262268e-07
0.222222 89.666667 10000.000000 -3.28266441743426e-07
0.333333 89.666667 10000.000000 -3.28265915098023e-07
0.444444 89.666667 10000.000000 -3.28265487547065e-07
0.555556 89.666667 10000.000000 -3.28265487572031e-07
0.666667 89.666667 10000.000000 -3.28265915082687e-07
0.777778 89.666667 10000.000000 -3.28266441749588e-07
0.888889 89.666667 10000.000000 -3.28266309231237e-07
1.000000 89.666667 10000.000000 -3.28266526278766e-07
0.000000 89.777778 10000.000000 -3.28313577874272e-07
0.111111 89.777778 10000.000000 -3.28313956701798e-07
0.222222 89.777778 10000.000000 -3.28313802373556e-07
0.333333 89.777778 10000.000000 -3.28313582820765e-07
0.444444 89.777778 10000.000000 -3.28313466832944e-07
0.555556 89.777778 10000.000000 -3.28313466833627e-07
0.666667 89.777778 10000.000000 -3.28313582837107e-07
0.777778 89.777778 10000.000000 -3.28313802210501e-07
0.888889 89.777778 10000.000000 -3.28313956727094e-07
1.000000 89.777778 10000.000000 -3.28313577877848e-07
0.000000 89.888889 10000.000000 -3.28310462645755e-07
0.111111 89.888889 10000.000000 -3.28309006858847e-07
0.222222 89.888889 10000.000000 -3.28308711593223e-07
0.333333 89.888889 10000.000000 -3.28308709000677e-07
0.444444 89.888889 10000.000000 -3.2830907026453e-07
0.555556 89.888889 10000.000000 -3.28309069967671e-07
0.666667 89.888889 10000.000000 -3.28308709018074e-07
0.777778 89.888889 10000.000000 -3.28308711558985e-07
0.888889 89.888889 10000.000000 -3.28309006872926e-07
1.000000 89.888889 10000.000000 -3.28310462644187e-07
0.000000 90.000000 10000.000000 -3.28120556180041e-07
0.111111 90.000000 10000.000000 -3.28120556180041e-07
0.222222 90.000000 10000.000000 -3.28120556180041e-07
0.333333 90.000000 10000.000000 -3.28120556180041e-07
0.444444 90.000000 10000.000000 -3.28120556180041e-07
0.555556 90.000000 10000.000000 -3.28120556180041e-07
0.666667 90.000000 10000.000000 -3.28120556180041e-07
0.777778 90.000000 10000.000000 -3.28120556180041e-07
0.888889 90.000000 10000.000000 -3.28120556180041e-07
1.000000 90.000000 10000.000000 -3.28120556180041e-07
