# gzzz component calculated with tessgzzz 2017:
#   local time: Sun Mar 11 03:00:04 2018
#   model file: tesseroid_vs_spherical_shell_files/model-size1.0.tess (64800 tesseroids)
#   GLQ order: 2 lon / 2 lat / 2 r
#   Use recursive division of tesseroids: True
#   Distance-size ratio for recusive division: 15
0.000000 89.000000 8000.000000 -3.33470086894485e-07
0.111111 89.000000 8000.000000 -3.33232908543754e-07
0.222222 89.000000 8000.000000 -3.3336301145021e-07
0.333333 89.000000 8000.000000 -3.33383833646716e-07
0.444444 89.000000 8000.000000 -3.33438855960363e-07
0.555556 89.000000 8000.000000 -3.33438856175038e-07
0.666667 89.000000 8000.000000 -3.33383833705319e-07
0.777778 89.000000 8000.000000 -3.33363011688299e-07
0.888889 89.000000 8000.000000 -3.33232908695123e-07
1.000000 89.000000 8000.000000 -3.33470086911046e-07
0.000000 89.111111 8000.000000 -3.31841513248734e-07
0.111111 89.111111 8000.000000 -3.32160357340382e-07
0.222222 89.111111 8000.000000 -3.32247817673272e-07
0.333333 89.111111 8000.000000 -3.32092567138545e-07
0.444444 89.111111 8000.000000 -3.32105710207451e-07
0.555556 89.111111 8000.000000 -3.3210571020273e-07
0.666667 89.111111 8000.000000 -3.3209256713927e-07
0.777778 89.111111 8000.000000 -3.32247817700239e-07
0.888889 89.111111 8000.000000 -3.32160357338224e-07
1.000000 89.111111 8000.000000 -3.31841513253018e-07
0.000000 89.222222 8000.000000 -3.30388936092957e-07
0.111111 89.222222 8000.000000 -3.30110691248571e-07
0.222222 89.222222 8000.000000 -3.30031779232108e-07
0.333333 89.222222 8000.000000 -3.30004928711628e-07
0.444444 89.222222 8000.000000 -3.29977713830281e-07
0.555556 89.222222 8000.000000 -3.29977713864899e-07
0.666667 89.222222 8000.000000 -3.30004928758378e-07
0.777778 89.222222 8000.000000 -3.30031779254886e-07
0.888889 89.222222 8000.000000 -3.30110691211625e-07
1.000000 89.222222 8000.000000 -3.30388936060281e-07
0.000000 89.333333 8000.000000 -3.3008302787261e-07
0.111111 89.333333 8000.000000 -3.30140625603865e-07
0.222222 89.333333 8000.000000 -3.30240346103316e-07
0.333333 89.333333 8000.000000 -3.30202914783804e-07
0.444444 89.333333 8000.000000 -3.30089338315489e-07
0.555556 89.333333 8000.000000 -3.30089338379741e-07
0.666667 89.333333 8000.000000 -3.30202914863586e-07
0.777778 89.333333 8000.000000 -3.3024034615824e-07
0.888889 89.333333 8000.000000 -3.30140625607381e-07
1.000000 89.333333 8000.000000 -3.30083027831347e-07
0.000000 89.444444 8000.000000 -3.34192327722791e-07
0.111111 89.444444 8000.000000 -3.3454309417126e-07
0.222222 89.444444 8000.000000 -3.34806691311255e-07
0.333333 89.444444 8000.000000 -3.34286056482038e-07
0.444444 89.444444 8000.000000 -3.34215730187933e-07
0.555556 89.444444 8000.000000 -3.34215730048786e-07
0.666667 89.444444 8000.000000 -3.34286056520082e-07
0.777778 89.444444 8000.000000 -3.34806691286887e-07
0.888889 89.444444 8000.000000 -3.34543094207885e-07
1.000000 89.444444 8000.000000 -3.34192327702778e-07
0.000000 89.555556 8000.000000 -3.29512343815868e-07
0.111111 89.555556 8000.000000 -3.2964433027707e-07
0.222222 89.555556 8000.000000 -3.29436586364129e-07
0.333333 89.555556 8000.000000 -3.29887113874082e-07
0.444444 89.555556 8000.000000 -3.29780566863034e-07
0.555556 89.555556 8000.000000 -3.2978056383576e-07
0.666667 89.555556 8000.000000 -3.29887113902639e-07
0.777778 89.555556 8000.000000 -3.29436586497271e-07
0.888889 89.555556 8000.000000 -3.29644330256447e-07
1.000000 89.555556 8000.000000 -3.29512343789353e-07
0.000000 89.666667 8000.000000 -3.28852541299389e-07
0.111111 89.666667 8000.000000 -3.29057543567906e-07
0.222222 89.666667 8000.000000 -3.29042741113625e-07
0.333333 89.666667 8000.000000 -3.29125630713505e-07
0.444444 89.666667 8000.000000 -3.29082288998951e-07
0.555556 89.666667 8000.000000 -3.29082289048459e-07
0.666667 89.666667 8000.000000 -3.29125630684563e-07
0.777778 89.666667 8000.000000 -3.29042741117218e-07
0.888889 89.666667 8000.000000 -3.29057543463294e-07
1.000000 89.666667 8000.000000 -3.28852541306745e-07
0.000000 89.777778 8000.000000 -3.31632451968258e-07
0.111111 89.777778 8000.000000 -3.31602994786095e-07
0.222222 89.777778 8000.000000 -3.31570114603095e-07
0.333333 89.777778 8000.000000 -3.3156680451572e-07
0.444444 89.777778 8000.000000 -3.31570079466951e-07
0.555556 89.777778 8000.000000 -3.31570079369925e-07
0.666667 89.777778 8000.000000 -3.3156680455084e-07
0.777778 89.777778 8000.000000 -3.31570114580414e-07
0.888889 89.777778 8000.000000 -3.31602994784132e-07
1.000000 89.777778 8000.000000 -3.31632451986861e-07
0.000000 89.888889 8000.000000 -3.32924522513216e-07
0.111111 89.888889 8000.000000 -3.32926571283388e-07
0.222222 89.888889 8000.000000 -3.32956495603617e-07
0.333333 89.888889 8000.000000 -3.32953627970247e-07
0.444444 89.888889 8000.000000 -3.32877564745526e-07
0.555556 89.888889 8000.000000 -3.32877564801051e-07
0.666667 89.888889 8000.000000 -3.32953627954772e-07
0.777778 89.888889 8000.000000 -3.32956495602718e-07
0.888889 89.888889 8000.000000 -3.32926571280091e-07
1.000000 89.888889 8000.000000 -3.32924522558184e-07
0.000000 90.000000 8000.000000 -3.19192072214799e-07
0.111111 90.000000 8000.000000 -3.19192072214799e-07
0.222222 90.000000 8000.000000 -3.19192072214799e-07
0.333333 90.000000 8000.000000 -3.19192072214799e-07
0.444444 90.000000 8000.000000 -3.19192072214799e-07
0.555556 90.000000 8000.000000 -3.19192072214799e-07
0.666667 90.000000 8000.000000 -3.19192072214799e-07
0.777778 90.000000 8000.000000 -3.19192072214799e-07
0.888889 90.000000 8000.000000 -3.19192072214799e-07
1.000000 90.000000 8000.000000 -3.19192072214799e-07
