# gzzz component calculated with tessgzzz 2017:
#   local time: Sun Mar 11 02:52:10 2018
#   model file: tesseroid_vs_spherical_shell_files/model-size1.0.tess (64800 tesseroids)
#   GLQ order: 2 lon / 2 lat / 2 r
#   Use recursive division of tesseroids: True
#   Distance-size ratio for recusive division: 2.5
0.000000 89.000000 6000.000000 -7.32017642010065e-07
0.111111 89.000000 6000.000000 -6.61913085837299e-07
0.222222 89.000000 6000.000000 -4.11906899222894e-07
0.333333 89.000000 6000.000000 -4.15960039148577e-07
0.444444 89.000000 6000.000000 -5.45459669086881e-07
0.555556 89.000000 6000.000000 -5.45459669108999e-07
0.666667 89.000000 6000.000000 -4.15960039148794e-07
0.777778 89.000000 6000.000000 -4.11906899222027e-07
0.888889 89.000000 6000.000000 -6.61913085834263e-07
1.000000 89.000000 6000.000000 -7.32017642001066e-07
0.000000 89.111111 6000.000000 9.59707209644315e-06
0.111111 89.111111 6000.000000 1.01275138317088e-05
0.222222 89.111111 6000.000000 1.02450343196593e-05
0.333333 89.111111 6000.000000 1.0648589884471e-05
0.444444 89.111111 6000.000000 1.08155526306418e-05
0.555556 89.111111 6000.000000 1.08155526306358e-05
0.666667 89.111111 6000.000000 1.06485898844712e-05
0.777778 89.111111 6000.000000 1.02450343196793e-05
0.888889 89.111111 6000.000000 1.01275138317e-05
1.000000 89.111111 6000.000000 9.59707209644106e-06
0.000000 89.222222 6000.000000 2.31685526690476e-06
0.111111 89.222222 6000.000000 1.75488416263706e-06
0.222222 89.222222 6000.000000 1.68569264068758e-06
0.333333 89.222222 6000.000000 1.86293243273618e-06
0.444444 89.222222 6000.000000 1.82642375114968e-06
0.555556 89.222222 6000.000000 1.82642375108993e-06
0.666667 89.222222 6000.000000 1.86293243272921e-06
0.777778 89.222222 6000.000000 1.68569264067904e-06
0.888889 89.222222 6000.000000 1.7548841626509e-06
1.000000 89.222222 6000.000000 2.3168552669025e-06
0.000000 89.333333 6000.000000 4.62768041227145e-06
0.111111 89.333333 6000.000000 4.657117588942e-06
0.222222 89.333333 6000.000000 4.65614181674228e-06
0.333333 89.333333 6000.000000 5.57796355023117e-06
0.444444 89.333333 6000.000000 5.47620845451074e-06
0.555556 89.333333 6000.000000 5.47620845451465e-06
0.666667 89.333333 6000.000000 5.57796355021688e-06
0.777778 89.333333 6000.000000 4.65614181674293e-06
0.888889 89.333333 6000.000000 4.65711758895605e-06
1.000000 89.333333 6000.000000 4.62768041226548e-06
0.000000 89.444444 6000.000000 1.41702884346661e-06
0.111111 89.444444 6000.000000 1.44620994122643e-06
0.222222 89.444444 6000.000000 1.29053621581145e-06
0.333333 89.444444 6000.000000 1.89388443801701e-06
0.444444 89.444444 6000.000000 1.73119855100167e-06
0.555556 89.444444 6000.000000 1.73119855098427e-06
0.666667 89.444444 6000.000000 1.89388443802622e-06
0.777778 89.444444 6000.000000 1.29053621580673e-06
0.888889 89.444444 6000.000000 1.44620994122458e-06
1.000000 89.444444 6000.000000 1.41702884346521e-06
0.000000 89.555556 6000.000000 1.34946124935742e-06
0.111111 89.555556 6000.000000 1.4253767715844e-06
0.222222 89.555556 6000.000000 1.34703142939526e-06
0.333333 89.555556 6000.000000 1.76555274365865e-06
0.444444 89.555556 6000.000000 1.75710290100199e-06
0.555556 89.555556 6000.000000 1.7571029010151e-06
0.666667 89.555556 6000.000000 1.7655527436732e-06
0.777778 89.555556 6000.000000 1.34703142940385e-06
0.888889 89.555556 6000.000000 1.42537677156621e-06
1.000000 89.555556 6000.000000 1.3494612493644e-06
0.000000 89.666667 6000.000000 5.51245178080372e-06
0.111111 89.666667 6000.000000 5.46792731714712e-06
0.222222 89.666667 6000.000000 5.46886616071099e-06
0.333333 89.666667 6000.000000 5.31501159864579e-06
0.444444 89.666667 6000.000000 4.64266146535303e-06
0.555556 89.666667 6000.000000 4.64266146537114e-06
0.666667 89.666667 6000.000000 5.31501159865272e-06
0.777778 89.666667 6000.000000 5.46886616072068e-06
0.888889 89.666667 6000.000000 5.46792731717185e-06
1.000000 89.666667 6000.000000 5.51245178079998e-06
0.000000 89.777778 6000.000000 1.98288172684114e-06
0.111111 89.777778 6000.000000 1.99816379677985e-06
0.222222 89.777778 6000.000000 1.98300993120454e-06
0.333333 89.777778 6000.000000 1.98828273178947e-06
0.444444 89.777778 6000.000000 2.02731963217082e-06
0.555556 89.777778 6000.000000 2.02731963217551e-06
0.666667 89.777778 6000.000000 1.98828273178454e-06
0.777778 89.777778 6000.000000 1.9830099311956e-06
0.888889 89.777778 6000.000000 1.99816379679354e-06
1.000000 89.777778 6000.000000 1.98288172683936e-06
0.000000 89.888889 6000.000000 1.1551505943517e-05
0.111111 89.888889 6000.000000 1.15925337240679e-05
0.222222 89.888889 6000.000000 1.1591195899099e-05
0.333333 89.888889 6000.000000 1.1594406770929e-05
0.444444 89.888889 6000.000000 1.15980383554436e-05
0.555556 89.888889 6000.000000 1.15980383554301e-05
0.666667 89.888889 6000.000000 1.15944067709484e-05
0.777778 89.888889 6000.000000 1.15911958991117e-05
0.888889 89.888889 6000.000000 1.15925337240668e-05
1.000000 89.888889 6000.000000 1.15515059435121e-05
0.000000 90.000000 6000.000000 2.39523673997569e-05
0.111111 90.000000 6000.000000 2.39523673997569e-05
0.222222 90.000000 6000.000000 2.39523673997569e-05
0.333333 90.000000 6000.000000 2.39523673997569e-05
0.444444 90.000000 6000.000000 2.39523673997569e-05
0.555556 90.000000 6000.000000 2.39523673997569e-05
0.666667 90.000000 6000.000000 2.39523673997569e-05
0.777778 90.000000 6000.000000 2.39523673997569e-05
0.888889 90.000000 6000.000000 2.39523673997569e-05
1.000000 90.000000 6000.000000 2.39523673997569e-05
