# gzzz component calculated with tessgzzz 2017:
#   local time: Sun Mar 11 02:59:50 2018
#   model file: tesseroid_vs_spherical_shell_files/model-size1.0.tess (64800 tesseroids)
#   GLQ order: 2 lon / 2 lat / 2 r
#   Use recursive division of tesseroids: True
#   Distance-size ratio for recusive division: 10
0.000000 89.000000 8000.000000 -2.96696901146259e-07
0.111111 89.000000 8000.000000 -2.97385146877404e-07
0.222222 89.000000 8000.000000 -2.96656998837148e-07
0.333333 89.000000 8000.000000 -2.96876874461339e-07
0.444444 89.000000 8000.000000 -2.96548154080139e-07
0.555556 89.000000 8000.000000 -2.96548154095132e-07
0.666667 89.000000 8000.000000 -2.96876874587529e-07
0.777778 89.000000 8000.000000 -2.96656999284936e-07
0.888889 89.000000 8000.000000 -2.97385146708736e-07
1.000000 89.000000 8000.000000 -2.96696901159873e-07
0.000000 89.111111 8000.000000 -3.34142079830443e-07
0.111111 89.111111 8000.000000 -3.31438805482389e-07
0.222222 89.111111 8000.000000 -3.30478558927555e-07
0.333333 89.111111 8000.000000 -3.27767790748912e-07
0.444444 89.111111 8000.000000 -3.28604054734125e-07
0.555556 89.111111 8000.000000 -3.2860405473928e-07
0.666667 89.111111 8000.000000 -3.27767790762694e-07
0.777778 89.111111 8000.000000 -3.30478558947569e-07
0.888889 89.111111 8000.000000 -3.31438805492727e-07
1.000000 89.111111 8000.000000 -3.34142079834563e-07
0.000000 89.222222 8000.000000 -3.33454391786742e-07
0.111111 89.222222 8000.000000 -3.32622397287439e-07
0.222222 89.222222 8000.000000 -3.35533732667142e-07
0.333333 89.222222 8000.000000 -3.32583863746055e-07
0.444444 89.222222 8000.000000 -3.3063239512182e-07
0.555556 89.222222 8000.000000 -3.30632395097706e-07
0.666667 89.222222 8000.000000 -3.32583859949365e-07
0.777778 89.222222 8000.000000 -3.35533732660278e-07
0.888889 89.222222 8000.000000 -3.32622397308596e-07
1.000000 89.222222 8000.000000 -3.33454391781391e-07
0.000000 89.333333 8000.000000 -3.08864867308122e-07
0.111111 89.333333 8000.000000 -3.08508175430617e-07
0.222222 89.333333 8000.000000 -3.08789378223348e-07
0.333333 89.333333 8000.000000 -3.10948326359074e-07
0.444444 89.333333 8000.000000 -3.11242023413382e-07
0.555556 89.333333 8000.000000 -3.11242023418684e-07
0.666667 89.333333 8000.000000 -3.10948326339459e-07
0.777778 89.333333 8000.000000 -3.08789378215008e-07
0.888889 89.333333 8000.000000 -3.0850817544013e-07
1.000000 89.333333 8000.000000 -3.08864867330616e-07
0.000000 89.444444 8000.000000 -2.97087029547467e-07
0.111111 89.444444 8000.000000 -2.97341300454193e-07
0.222222 89.444444 8000.000000 -3.02583446777645e-07
0.333333 89.444444 8000.000000 -3.02882376133444e-07
0.444444 89.444444 8000.000000 -3.02488679493843e-07
0.555556 89.444444 8000.000000 -3.02488679561353e-07
0.666667 89.444444 8000.000000 -3.02882376122585e-07
0.777778 89.444444 8000.000000 -3.02583446779633e-07
0.888889 89.444444 8000.000000 -2.97341300127471e-07
1.000000 89.444444 8000.000000 -2.97087029549496e-07
0.000000 89.555556 8000.000000 -3.13778975117374e-07
0.111111 89.555556 8000.000000 -3.15169582567872e-07
0.222222 89.555556 8000.000000 -3.15842244052857e-07
0.333333 89.555556 8000.000000 -3.1603961669791e-07
0.444444 89.555556 8000.000000 -3.16379818313631e-07
0.555556 89.555556 8000.000000 -3.1637981714467e-07
0.666667 89.555556 8000.000000 -3.16039616712551e-07
0.777778 89.555556 8000.000000 -3.15842244032268e-07
0.888889 89.555556 8000.000000 -3.15169582579657e-07
1.000000 89.555556 8000.000000 -3.13778975122327e-07
0.000000 89.666667 8000.000000 -3.15618547451694e-07
0.111111 89.666667 8000.000000 -3.16230782409064e-07
0.222222 89.666667 8000.000000 -3.1621733628916e-07
0.333333 89.666667 8000.000000 -3.16304162051772e-07
0.444444 89.666667 8000.000000 -3.1425624163025e-07
0.555556 89.666667 8000.000000 -3.1425624162897e-07
0.666667 89.666667 8000.000000 -3.16304162065986e-07
0.777778 89.666667 8000.000000 -3.16217336310968e-07
0.888889 89.666667 8000.000000 -3.16230782427524e-07
1.000000 89.666667 8000.000000 -3.15618547457061e-07
0.000000 89.777778 8000.000000 -3.18045003192663e-07
0.111111 89.777778 8000.000000 -3.17402314830964e-07
0.222222 89.777778 8000.000000 -3.17273678696673e-07
0.333333 89.777778 8000.000000 -3.16942720068047e-07
0.444444 89.777778 8000.000000 -3.171717706017e-07
0.555556 89.777778 8000.000000 -3.17171770541866e-07
0.666667 89.777778 8000.000000 -3.16942720087312e-07
0.777778 89.777778 8000.000000 -3.17273678697496e-07
0.888889 89.777778 8000.000000 -3.17402314421046e-07
1.000000 89.777778 8000.000000 -3.18045003197048e-07
0.000000 89.888889 8000.000000 -3.16084196380728e-07
0.111111 89.888889 8000.000000 -3.16068468280471e-07
0.222222 89.888889 8000.000000 -3.16120470543505e-07
0.333333 89.888889 8000.000000 -3.15824028753269e-07
0.444444 89.888889 8000.000000 -3.15838758166147e-07
0.555556 89.888889 8000.000000 -3.15838758220855e-07
0.666667 89.888889 8000.000000 -3.15824028753932e-07
0.777778 89.888889 8000.000000 -3.16120470575974e-07
0.888889 89.888889 8000.000000 -3.16068468276746e-07
1.000000 89.888889 8000.000000 -3.16084196369983e-07
0.000000 90.000000 8000.000000 -3.18306599697487e-07
0.111111 90.000000 8000.000000 -3.18306599697487e-07
0.222222 90.000000 8000.000000 -3.18306599697487e-07
0.333333 90.000000 8000.000000 -3.18306599697487e-07
0.444444 90.000000 8000.000000 -3.18306599697487e-07
0.555556 90.000000 8000.000000 -3.18306599697487e-07
0.666667 90.000000 8000.000000 -3.18306599697487e-07
0.777778 90.000000 8000.000000 -3.18306599697487e-07
0.888889 90.000000 8000.000000 -3.18306599697487e-07
1.000000 90.000000 8000.000000 -3.18306599697487e-07
