# gzzz component calculated with tessgzzz 2017:
#   local time: Sun Mar 11 03:11:14 2018
#   model file: tesseroid_vs_spherical_shell_files/model-size1.0.tess (64800 tesseroids)
#   GLQ order: 2 lon / 2 lat / 2 r
#   Use recursive division of tesseroids: True
#   Distance-size ratio for recusive division: 5
0.000000 89.000000 50000.000000 -3.13305823096079e-07
0.111111 89.000000 50000.000000 -3.13414436776234e-07
0.222222 89.000000 50000.000000 -3.13326129737636e-07
0.333333 89.000000 50000.000000 -3.1320324665026e-07
0.444444 89.000000 50000.000000 -3.13230524414015e-07
0.555556 89.000000 50000.000000 -3.13230524414145e-07
0.666667 89.000000 50000.000000 -3.13203246650784e-07
0.777778 89.000000 50000.000000 -3.13326129737677e-07
0.888889 89.000000 50000.000000 -3.13414436776319e-07
1.000000 89.000000 50000.000000 -3.13305823096106e-07
0.000000 89.111111 50000.000000 -3.14064281840162e-07
0.111111 89.111111 50000.000000 -3.14068657217968e-07
0.222222 89.111111 50000.000000 -3.14088160287682e-07
0.333333 89.111111 50000.000000 -3.1405180384489e-07
0.444444 89.111111 50000.000000 -3.14151481582867e-07
0.555556 89.111111 50000.000000 -3.14151481582308e-07
0.666667 89.111111 50000.000000 -3.14051803844554e-07
0.777778 89.111111 50000.000000 -3.14088160288087e-07
0.888889 89.111111 50000.000000 -3.14068657217891e-07
1.000000 89.111111 50000.000000 -3.14064281840325e-07
0.000000 89.222222 50000.000000 -3.15038998560585e-07
0.111111 89.222222 50000.000000 -3.15068108943892e-07
0.222222 89.222222 50000.000000 -3.15043949513567e-07
0.333333 89.222222 50000.000000 -3.15079043517119e-07
0.444444 89.222222 50000.000000 -3.15026964800978e-07
0.555556 89.222222 50000.000000 -3.1502696479959e-07
0.666667 89.222222 50000.000000 -3.1507904351698e-07
0.777778 89.222222 50000.000000 -3.1504394951361e-07
0.888889 89.222222 50000.000000 -3.15068108943484e-07
1.000000 89.222222 50000.000000 -3.15038998560686e-07
0.000000 89.333333 50000.000000 -3.15758757469524e-07
0.111111 89.333333 50000.000000 -3.1578733277957e-07
0.222222 89.333333 50000.000000 -3.15792258023152e-07
0.333333 89.333333 50000.000000 -3.15774730758719e-07
0.444444 89.333333 50000.000000 -3.15734019620927e-07
0.555556 89.333333 50000.000000 -3.15734019621134e-07
0.666667 89.333333 50000.000000 -3.15774730757316e-07
0.777778 89.333333 50000.000000 -3.15792258021481e-07
0.888889 89.333333 50000.000000 -3.15787332779837e-07
1.000000 89.333333 50000.000000 -3.15758757469541e-07
0.000000 89.444444 50000.000000 -3.17413584924237e-07
0.111111 89.444444 50000.000000 -3.17411340561882e-07
0.222222 89.444444 50000.000000 -3.17406405234315e-07
0.333333 89.444444 50000.000000 -3.17400198252156e-07
0.444444 89.444444 50000.000000 -3.17394943175946e-07
0.555556 89.444444 50000.000000 -3.17394943176106e-07
0.666667 89.444444 50000.000000 -3.17400198252751e-07
0.777778 89.444444 50000.000000 -3.17406405234738e-07
0.888889 89.444444 50000.000000 -3.17411340562378e-07
1.000000 89.444444 50000.000000 -3.17413584924453e-07
0.000000 89.555556 50000.000000 -3.21946052362048e-07
0.111111 89.555556 50000.000000 -3.21904233487373e-07
0.222222 89.555556 50000.000000 -3.21901835953027e-07
0.333333 89.555556 50000.000000 -3.21899533474741e-07
0.444444 89.555556 50000.000000 -3.21931702478584e-07
0.555556 89.555556 50000.000000 -3.21931702478509e-07
0.666667 89.555556 50000.000000 -3.21899533473097e-07
0.777778 89.555556 50000.000000 -3.21901835952702e-07
0.888889 89.555556 50000.000000 -3.21904233486475e-07
1.000000 89.555556 50000.000000 -3.21946052362087e-07
0.000000 89.666667 50000.000000 -3.22327645829577e-07
0.111111 89.666667 50000.000000 -3.22327706967038e-07
0.222222 89.666667 50000.000000 -3.22357303535564e-07
0.333333 89.666667 50000.000000 -3.22330031173748e-07
0.444444 89.666667 50000.000000 -3.22315148992225e-07
0.555556 89.666667 50000.000000 -3.22315148991847e-07
0.666667 89.666667 50000.000000 -3.2233003117365e-07
0.777778 89.666667 50000.000000 -3.22357303535544e-07
0.888889 89.666667 50000.000000 -3.22327706966585e-07
1.000000 89.666667 50000.000000 -3.22327645829504e-07
0.000000 89.777778 50000.000000 -3.19021184742445e-07
0.111111 89.777778 50000.000000 -3.19023394356122e-07
0.222222 89.777778 50000.000000 -3.19028263078944e-07
0.333333 89.777778 50000.000000 -3.19043995357988e-07
0.444444 89.777778 50000.000000 -3.19043898624467e-07
0.555556 89.777778 50000.000000 -3.19043898624181e-07
0.666667 89.777778 50000.000000 -3.1904399535818e-07
0.777778 89.777778 50000.000000 -3.19028263079037e-07
0.888889 89.777778 50000.000000 -3.1902339435617e-07
1.000000 89.777778 50000.000000 -3.19021184742444e-07
0.000000 89.888889 50000.000000 -3.11830484418765e-07
0.111111 89.888889 50000.000000 -3.11830494361656e-07
0.222222 89.888889 50000.000000 -3.11830524139274e-07
0.333333 89.888889 50000.000000 -3.11847921526959e-07
0.444444 89.888889 50000.000000 -3.11848539276092e-07
0.555556 89.888889 50000.000000 -3.11848539276082e-07
0.666667 89.888889 50000.000000 -3.11847921527005e-07
0.777778 89.888889 50000.000000 -3.11830524139495e-07
0.888889 89.888889 50000.000000 -3.11830494361544e-07
1.000000 89.888889 50000.000000 -3.11830484418792e-07
0.000000 90.000000 50000.000000 -3.06993028043384e-07
0.111111 90.000000 50000.000000 -3.06993028043384e-07
0.222222 90.000000 50000.000000 -3.06993028043384e-07
0.333333 90.000000 50000.000000 -3.06993028043384e-07
0.444444 90.000000 50000.000000 -3.06993028043384e-07
0.555556 90.000000 50000.000000 -3.06993028043384e-07
0.666667 90.000000 50000.000000 -3.06993028043384e-07
0.777778 90.000000 50000.000000 -3.06993028043384e-07
0.888889 90.000000 50000.000000 -3.06993028043384e-07
1.000000 90.000000 50000.000000 -3.06993028043384e-07
