# gzzz component calculated with tessgzzz 2017:
#   local time: Sun Mar 11 02:48:16 2018
#   model file: tesseroid_vs_spherical_shell_files/model-size1.0.tess (64800 tesseroids)
#   GLQ order: 2 lon / 2 lat / 2 r
#   Use recursive division of tesseroids: True
#   Distance-size ratio for recusive division: 45
0.000000 89.000000 4000.000000 -3.29192213719164e-07
0.111111 89.000000 4000.000000 -3.29191444924674e-07
0.222222 89.000000 4000.000000 -3.29191605442006e-07
0.333333 89.000000 4000.000000 -3.29190125026186e-07
0.444444 89.000000 4000.000000 -3.29193438271145e-07
0.555556 89.000000 4000.000000 -3.2919343880576e-07
0.666667 89.000000 4000.000000 -3.29190124180464e-07
0.777778 89.000000 4000.000000 -3.29191603583801e-07
0.888889 89.000000 4000.000000 -3.29191443782899e-07
1.000000 89.000000 4000.000000 -3.29192213612835e-07
0.000000 89.111111 4000.000000 -3.29142268768325e-07
0.111111 89.111111 4000.000000 -3.29136145568544e-07
0.222222 89.111111 4000.000000 -3.29136950961349e-07
0.333333 89.111111 4000.000000 -3.29136825136827e-07
0.444444 89.111111 4000.000000 -3.29138541757942e-07
0.555556 89.111111 4000.000000 -3.29138542484754e-07
0.666667 89.111111 4000.000000 -3.29136833407216e-07
0.777778 89.111111 4000.000000 -3.29136951781738e-07
0.888889 89.111111 4000.000000 -3.2913614647243e-07
1.000000 89.111111 4000.000000 -3.291422701564e-07
0.000000 89.222222 4000.000000 -3.29125305636508e-07
0.111111 89.222222 4000.000000 -3.2912181393804e-07
0.222222 89.222222 4000.000000 -3.29125954038217e-07
0.333333 89.222222 4000.000000 -3.29121783761027e-07
0.444444 89.222222 4000.000000 -3.29124520415356e-07
0.555556 89.222222 4000.000000 -3.29124518732395e-07
0.666667 89.222222 4000.000000 -3.2912179349026e-07
0.777778 89.222222 4000.000000 -3.29125954328182e-07
0.888889 89.222222 4000.000000 -3.29121814253816e-07
1.000000 89.222222 4000.000000 -3.29125307438089e-07
0.000000 89.333333 4000.000000 -3.2940100947555e-07
0.111111 89.333333 4000.000000 -3.29402905760006e-07
0.222222 89.333333 4000.000000 -3.29399210402088e-07
0.333333 89.333333 4000.000000 -3.2939919944303e-07
0.444444 89.333333 4000.000000 -3.29401784123308e-07
0.555556 89.333333 4000.000000 -3.29401780459808e-07
0.666667 89.333333 4000.000000 -3.2939919732548e-07
0.777778 89.333333 4000.000000 -3.2939921042508e-07
0.888889 89.333333 4000.000000 -3.29402904053816e-07
1.000000 89.333333 4000.000000 -3.29401008335296e-07
0.000000 89.444444 4000.000000 -3.2923332505549e-07
0.111111 89.444444 4000.000000 -3.29231204378315e-07
0.222222 89.444444 4000.000000 -3.29233236415695e-07
0.333333 89.444444 4000.000000 -3.29232297039828e-07
0.444444 89.444444 4000.000000 -3.2923189967996e-07
0.555556 89.444444 4000.000000 -3.29231901079114e-07
0.666667 89.444444 4000.000000 -3.29232296882129e-07
0.777778 89.444444 4000.000000 -3.29233237002694e-07
0.888889 89.444444 4000.000000 -3.29231205430966e-07
1.000000 89.444444 4000.000000 -3.29233324881671e-07
0.000000 89.555556 4000.000000 -3.29268364811355e-07
0.111111 89.555556 4000.000000 -3.29267542734837e-07
0.222222 89.555556 4000.000000 -3.29270126923642e-07
0.333333 89.555556 4000.000000 -3.29269228313218e-07
0.444444 89.555556 4000.000000 -3.29271460606386e-07
0.555556 89.555556 4000.000000 -3.29271459090211e-07
0.666667 89.555556 4000.000000 -3.29269229329237e-07
0.777778 89.555556 4000.000000 -3.29270125949188e-07
0.888889 89.555556 4000.000000 -3.29267542125677e-07
1.000000 89.555556 4000.000000 -3.2926836462336e-07
0.000000 89.666667 4000.000000 -3.29392236639053e-07
0.111111 89.666667 4000.000000 -3.29392184146711e-07
0.222222 89.666667 4000.000000 -3.29388951838685e-07
0.333333 89.666667 4000.000000 -3.29390465692831e-07
0.444444 89.666667 4000.000000 -3.29391045318812e-07
0.555556 89.666667 4000.000000 -3.29391045338931e-07
0.666667 89.666667 4000.000000 -3.29390461702574e-07
0.777778 89.666667 4000.000000 -3.29388951582049e-07
0.888889 89.666667 4000.000000 -3.29392183733506e-07
1.000000 89.666667 4000.000000 -3.29392238557023e-07
0.000000 89.777778 4000.000000 -3.29108539408751e-07
0.111111 89.777778 4000.000000 -3.29111121402753e-07
0.222222 89.777778 4000.000000 -3.29108651880508e-07
0.333333 89.777778 4000.000000 -3.29110421555434e-07
0.444444 89.777778 4000.000000 -3.29109819189686e-07
0.555556 89.777778 4000.000000 -3.29109819927811e-07
0.666667 89.777778 4000.000000 -3.29110421715966e-07
0.777778 89.777778 4000.000000 -3.29108650863148e-07
0.888889 89.777778 4000.000000 -3.29111123040494e-07
1.000000 89.777778 4000.000000 -3.29108538945714e-07
0.000000 89.888889 4000.000000 -3.28976686496586e-07
0.111111 89.888889 4000.000000 -3.28975810227408e-07
0.222222 89.888889 4000.000000 -3.28977324684337e-07
0.333333 89.888889 4000.000000 -3.2897745083226e-07
0.444444 89.888889 4000.000000 -3.28978792848195e-07
0.555556 89.888889 4000.000000 -3.28978792598288e-07
0.666667 89.888889 4000.000000 -3.2897744969025e-07
0.777778 89.888889 4000.000000 -3.28977325088986e-07
0.888889 89.888889 4000.000000 -3.28975809865656e-07
1.000000 89.888889 4000.000000 -3.28976686480329e-07
0.000000 90.000000 4000.000000 -3.29116573776271e-07
0.111111 90.000000 4000.000000 -3.29116573776271e-07
0.222222 90.000000 4000.000000 -3.29116573776271e-07
0.333333 90.000000 4000.000000 -3.29116573776271e-07
0.444444 90.000000 4000.000000 -3.29116573776271e-07
0.555556 90.000000 4000.000000 -3.29116573776271e-07
0.666667 90.000000 4000.000000 -3.29116573776271e-07
0.777778 90.000000 4000.000000 -3.29116573776271e-07
0.888889 90.000000 4000.000000 -3.29116573776271e-07
1.000000 90.000000 4000.000000 -3.29116573776271e-07
