# gzzz component calculated with tessgzzz 2017:
#   local time: Sun Mar 11 03:12:31 2018
#   model file: tesseroid_vs_spherical_shell_files/model-size1.0.tess (64800 tesseroids)
#   GLQ order: 2 lon / 2 lat / 2 r
#   Use recursive division of tesseroids: True
#   Distance-size ratio for recusive division: 32.5
0.000000 89.000000 50000.000000 -3.20118502328708e-07
0.111111 89.000000 50000.000000 -3.20118461065302e-07
0.222222 89.000000 50000.000000 -3.20118564628192e-07
0.333333 89.000000 50000.000000 -3.2011855741198e-07
0.444444 89.000000 50000.000000 -3.20118487256471e-07
0.555556 89.000000 50000.000000 -3.20118487257628e-07
0.666667 89.000000 50000.000000 -3.2011855741171e-07
0.777778 89.000000 50000.000000 -3.20118564626754e-07
0.888889 89.000000 50000.000000 -3.20118461065302e-07
1.000000 89.000000 50000.000000 -3.20118502328955e-07
0.000000 89.111111 50000.000000 -3.20118776627112e-07
0.111111 89.111111 50000.000000 -3.20118770080082e-07
0.222222 89.111111 50000.000000 -3.2011860877843e-07
0.333333 89.111111 50000.000000 -3.20118589181886e-07
0.444444 89.111111 50000.000000 -3.2011852060661e-07
0.555556 89.111111 50000.000000 -3.20118520604864e-07
0.666667 89.111111 50000.000000 -3.20118589181429e-07
0.777778 89.111111 50000.000000 -3.2011860877804e-07
0.888889 89.111111 50000.000000 -3.20118770079055e-07
1.000000 89.111111 50000.000000 -3.20118776626887e-07
0.000000 89.222222 50000.000000 -3.20120116473112e-07
0.111111 89.222222 50000.000000 -3.20120111367182e-07
0.222222 89.222222 50000.000000 -3.20120220194628e-07
0.333333 89.222222 50000.000000 -3.20120217089479e-07
0.444444 89.222222 50000.000000 -3.20120171369325e-07
0.555556 89.222222 50000.000000 -3.20120171368272e-07
0.666667 89.222222 50000.000000 -3.20120217088595e-07
0.777778 89.222222 50000.000000 -3.20120220194518e-07
0.888889 89.222222 50000.000000 -3.20120111366455e-07
1.000000 89.222222 50000.000000 -3.20120116473302e-07
0.000000 89.333333 50000.000000 -3.20120685810519e-07
0.111111 89.333333 50000.000000 -3.20120718543031e-07
0.222222 89.333333 50000.000000 -3.20120738513833e-07
0.333333 89.333333 50000.000000 -3.20120793272666e-07
0.444444 89.333333 50000.000000 -3.20120804647313e-07
0.555556 89.333333 50000.000000 -3.20120804647147e-07
0.666667 89.333333 50000.000000 -3.20120793272416e-07
0.777778 89.333333 50000.000000 -3.20120738514082e-07
0.888889 89.333333 50000.000000 -3.20120718542628e-07
1.000000 89.333333 50000.000000 -3.20120685810608e-07
0.000000 89.444444 50000.000000 -3.20119785068882e-07
0.111111 89.444444 50000.000000 -3.20119797789263e-07
0.222222 89.444444 50000.000000 -3.20119820230985e-07
0.333333 89.444444 50000.000000 -3.20119791975949e-07
0.444444 89.444444 50000.000000 -3.20119786442761e-07
0.555556 89.444444 50000.000000 -3.20119786441701e-07
0.666667 89.444444 50000.000000 -3.20119791974574e-07
0.777778 89.444444 50000.000000 -3.20119820231491e-07
0.888889 89.444444 50000.000000 -3.20119797789122e-07
1.000000 89.444444 50000.000000 -3.20119785068601e-07
0.000000 89.555556 50000.000000 -3.20120895803348e-07
0.111111 89.555556 50000.000000 -3.20120899282554e-07
0.222222 89.555556 50000.000000 -3.20120889833292e-07
0.333333 89.555556 50000.000000 -3.20120895193787e-07
0.444444 89.555556 50000.000000 -3.20120902366185e-07
0.555556 89.555556 50000.000000 -3.20120902365774e-07
0.666667 89.555556 50000.000000 -3.20120895192433e-07
0.777778 89.555556 50000.000000 -3.201208898331e-07
0.888889 89.555556 50000.000000 -3.20120899282979e-07
1.000000 89.555556 50000.000000 -3.20120895803304e-07
0.000000 89.666667 50000.000000 -3.20122717632338e-07
0.111111 89.666667 50000.000000 -3.20122726741831e-07
0.222222 89.666667 50000.000000 -3.20122713723198e-07
0.333333 89.666667 50000.000000 -3.20122715057005e-07
0.444444 89.666667 50000.000000 -3.20122737856944e-07
0.555556 89.666667 50000.000000 -3.20122737856699e-07
0.666667 89.666667 50000.000000 -3.20122715054947e-07
0.777778 89.666667 50000.000000 -3.20122713722874e-07
0.888889 89.666667 50000.000000 -3.20122726740949e-07
1.000000 89.666667 50000.000000 -3.2012271763247e-07
0.000000 89.777778 50000.000000 -3.20124138796708e-07
0.111111 89.777778 50000.000000 -3.20124135433793e-07
0.222222 89.777778 50000.000000 -3.20124129475586e-07
0.333333 89.777778 50000.000000 -3.20124118525284e-07
0.444444 89.777778 50000.000000 -3.20124114812038e-07
0.555556 89.777778 50000.000000 -3.20124114811428e-07
0.666667 89.777778 50000.000000 -3.20124118525946e-07
0.777778 89.777778 50000.000000 -3.20124129476845e-07
0.888889 89.777778 50000.000000 -3.2012413543352e-07
1.000000 89.777778 50000.000000 -3.20124138796703e-07
0.000000 89.888889 50000.000000 -3.20127471407423e-07
0.111111 89.888889 50000.000000 -3.20127477206813e-07
0.222222 89.888889 50000.000000 -3.20127474073371e-07
0.333333 89.888889 50000.000000 -3.2012748538857e-07
0.444444 89.888889 50000.000000 -3.20127486465617e-07
0.555556 89.888889 50000.000000 -3.20127486465272e-07
0.666667 89.888889 50000.000000 -3.20127485388322e-07
0.777778 89.888889 50000.000000 -3.20127474072657e-07
0.888889 89.888889 50000.000000 -3.20127477206946e-07
1.000000 89.888889 50000.000000 -3.20127471407321e-07
0.000000 90.000000 50000.000000 -3.2012632687709e-07
0.111111 90.000000 50000.000000 -3.2012632687709e-07
0.222222 90.000000 50000.000000 -3.2012632687709e-07
0.333333 90.000000 50000.000000 -3.2012632687709e-07
0.444444 90.000000 50000.000000 -3.2012632687709e-07
0.555556 90.000000 50000.000000 -3.2012632687709e-07
0.666667 90.000000 50000.000000 -3.2012632687709e-07
0.777778 90.000000 50000.000000 -3.2012632687709e-07
0.888889 90.000000 50000.000000 -3.2012632687709e-07
1.000000 90.000000 50000.000000 -3.2012632687709e-07
