# gzzz component calculated with tessgzzz 2017:
#   local time: Sun Mar 11 03:15:47 2018
#   model file: tesseroid_vs_spherical_shell_files/model-size1.0.tess (64800 tesseroids)
#   GLQ order: 2 lon / 2 lat / 2 r
#   Use recursive division of tesseroids: True
#   Distance-size ratio for recusive division: 37.5
0.000000 89.000000 150000.000000 -3.00948484466192e-07
0.111111 89.000000 150000.000000 -3.00948484235754e-07
0.222222 89.000000 150000.000000 -3.00948484651167e-07
0.333333 89.000000 150000.000000 -3.00948484462785e-07
0.444444 89.000000 150000.000000 -3.00948484681369e-07
0.555556 89.000000 150000.000000 -3.00948484681517e-07
0.666667 89.000000 150000.000000 -3.00948484462746e-07
0.777778 89.000000 150000.000000 -3.00948484651166e-07
0.888889 89.000000 150000.000000 -3.00948484235694e-07
1.000000 89.000000 150000.000000 -3.009484844662e-07
0.000000 89.111111 150000.000000 -3.00948478397236e-07
0.111111 89.111111 150000.000000 -3.00948478472761e-07
0.222222 89.111111 150000.000000 -3.00948478339208e-07
0.333333 89.111111 150000.000000 -3.00948477739555e-07
0.444444 89.111111 150000.000000 -3.00948478023716e-07
0.555556 89.111111 150000.000000 -3.00948478023912e-07
0.666667 89.111111 150000.000000 -3.00948477739774e-07
0.777778 89.111111 150000.000000 -3.00948478339288e-07
0.888889 89.111111 150000.000000 -3.00948478472766e-07
1.000000 89.111111 150000.000000 -3.00948478397269e-07
0.000000 89.222222 150000.000000 -3.00948457252032e-07
0.111111 89.222222 150000.000000 -3.00948457061725e-07
0.222222 89.222222 150000.000000 -3.009484569733e-07
0.333333 89.222222 150000.000000 -3.00948456959096e-07
0.444444 89.222222 150000.000000 -3.00948457018164e-07
0.555556 89.222222 150000.000000 -3.00948457018011e-07
0.666667 89.222222 150000.000000 -3.00948456958969e-07
0.777778 89.222222 150000.000000 -3.00948456973408e-07
0.888889 89.222222 150000.000000 -3.00948457062072e-07
1.000000 89.222222 150000.000000 -3.00948457251978e-07
0.000000 89.333333 150000.000000 -3.00948411287231e-07
0.111111 89.333333 150000.000000 -3.00948411409603e-07
0.222222 89.333333 150000.000000 -3.00948411465561e-07
0.333333 89.333333 150000.000000 -3.00948411380433e-07
0.444444 89.333333 150000.000000 -3.00948411255988e-07
0.555556 89.333333 150000.000000 -3.00948411255981e-07
0.666667 89.333333 150000.000000 -3.00948411380404e-07
0.777778 89.333333 150000.000000 -3.00948411465597e-07
0.888889 89.333333 150000.000000 -3.00948411409702e-07
1.000000 89.333333 150000.000000 -3.00948411287217e-07
0.000000 89.444444 150000.000000 -3.00948329287198e-07
0.111111 89.444444 150000.000000 -3.00948329206869e-07
0.222222 89.444444 150000.000000 -3.00948329029233e-07
0.333333 89.444444 150000.000000 -3.00948329380687e-07
0.444444 89.444444 150000.000000 -3.00948329450523e-07
0.555556 89.444444 150000.000000 -3.00948329450544e-07
0.666667 89.444444 150000.000000 -3.00948329380637e-07
0.777778 89.444444 150000.000000 -3.00948329029147e-07
0.888889 89.444444 150000.000000 -3.00948329206967e-07
1.000000 89.444444 150000.000000 -3.00948329287215e-07
0.000000 89.555556 150000.000000 -3.00948206232257e-07
0.111111 89.555556 150000.000000 -3.00948206192587e-07
0.222222 89.555556 150000.000000 -3.0094820615902e-07
0.333333 89.555556 150000.000000 -3.00948206199137e-07
0.444444 89.555556 150000.000000 -3.00948205891475e-07
0.555556 89.555556 150000.000000 -3.00948205891533e-07
0.666667 89.555556 150000.000000 -3.00948206199162e-07
0.777778 89.555556 150000.000000 -3.00948206158875e-07
0.888889 89.555556 150000.000000 -3.0094820619251e-07
1.000000 89.555556 150000.000000 -3.00948206232247e-07
0.000000 89.666667 150000.000000 -3.00948056657986e-07
0.111111 89.666667 150000.000000 -3.0094805673276e-07
0.222222 89.666667 150000.000000 -3.00948056779704e-07
0.333333 89.666667 150000.000000 -3.00948056970194e-07
0.444444 89.666667 150000.000000 -3.00948057114454e-07
0.555556 89.666667 150000.000000 -3.00948057114454e-07
0.666667 89.666667 150000.000000 -3.0094805697021e-07
0.777778 89.666667 150000.000000 -3.00948056779696e-07
0.888889 89.666667 150000.000000 -3.00948056732657e-07
1.000000 89.666667 150000.000000 -3.00948056657985e-07
0.000000 89.777778 150000.000000 -3.00947901896708e-07
0.111111 89.777778 150000.000000 -3.00947901869063e-07
0.222222 89.777778 150000.000000 -3.00947901908857e-07
0.333333 89.777778 150000.000000 -3.00947901780867e-07
0.444444 89.777778 150000.000000 -3.00947901839696e-07
0.555556 89.777778 150000.000000 -3.00947901839841e-07
0.666667 89.777778 150000.000000 -3.00947901780884e-07
0.777778 89.777778 150000.000000 -3.00947901908703e-07
0.888889 89.777778 150000.000000 -3.00947901868938e-07
1.000000 89.777778 150000.000000 -3.00947901896704e-07
0.000000 89.888889 150000.000000 -3.00947784114702e-07
0.111111 89.888889 150000.000000 -3.0094778412193e-07
0.222222 89.888889 150000.000000 -3.00947784115174e-07
0.333333 89.888889 150000.000000 -3.0094778411512e-07
0.444444 89.888889 150000.000000 -3.00947783982007e-07
0.555556 89.888889 150000.000000 -3.00947783982055e-07
0.666667 89.888889 150000.000000 -3.00947784114925e-07
0.777778 89.888889 150000.000000 -3.00947784115116e-07
0.888889 89.888889 150000.000000 -3.00947784121876e-07
1.000000 89.888889 150000.000000 -3.00947784114705e-07
0.000000 90.000000 150000.000000 -3.00947715438404e-07
0.111111 90.000000 150000.000000 -3.00947715438404e-07
0.222222 90.000000 150000.000000 -3.00947715438404e-07
0.333333 90.000000 150000.000000 -3.00947715438404e-07
0.444444 90.000000 150000.000000 -3.00947715438404e-07
0.555556 90.000000 150000.000000 -3.00947715438404e-07
0.666667 90.000000 150000.000000 -3.00947715438404e-07
0.777778 90.000000 150000.000000 -3.00947715438404e-07
0.888889 90.000000 150000.000000 -3.00947715438404e-07
1.000000 90.000000 150000.000000 -3.00947715438404e-07
