# gzzz component calculated with tessgzzz 2017:
#   local time: Sun Mar 11 03:16:16 2018
#   model file: tesseroid_vs_spherical_shell_files/model-size1.0.tess (64800 tesseroids)
#   GLQ order: 2 lon / 2 lat / 2 r
#   Use recursive division of tesseroids: True
#   Distance-size ratio for recusive division: 45
0.000000 89.000000 150000.000000 -3.00948713065766e-07
0.111111 89.000000 150000.000000 -3.00948713060676e-07
0.222222 89.000000 150000.000000 -3.00948713234917e-07
0.333333 89.000000 150000.000000 -3.00948713275604e-07
0.444444 89.000000 150000.000000 -3.00948713670359e-07
0.555556 89.000000 150000.000000 -3.00948713670497e-07
0.666667 89.000000 150000.000000 -3.00948713275529e-07
0.777778 89.000000 150000.000000 -3.00948713235042e-07
0.888889 89.000000 150000.000000 -3.00948713060712e-07
1.000000 89.000000 150000.000000 -3.00948713065723e-07
0.000000 89.111111 150000.000000 -3.00948718415679e-07
0.111111 89.111111 150000.000000 -3.00948718211161e-07
0.222222 89.111111 150000.000000 -3.00948717772741e-07
0.333333 89.111111 150000.000000 -3.00948717327672e-07
0.444444 89.111111 150000.000000 -3.0094871681371e-07
0.555556 89.111111 150000.000000 -3.00948716813822e-07
0.666667 89.111111 150000.000000 -3.00948717328003e-07
0.777778 89.111111 150000.000000 -3.00948717772833e-07
0.888889 89.111111 150000.000000 -3.00948718210934e-07
1.000000 89.111111 150000.000000 -3.0094871841574e-07
0.000000 89.222222 150000.000000 -3.00948710371145e-07
0.111111 89.222222 150000.000000 -3.00948710009818e-07
0.222222 89.222222 150000.000000 -3.00948709718952e-07
0.333333 89.222222 150000.000000 -3.00948709725746e-07
0.444444 89.222222 150000.000000 -3.00948709454241e-07
0.555556 89.222222 150000.000000 -3.00948709454038e-07
0.666667 89.222222 150000.000000 -3.00948709725714e-07
0.777778 89.222222 150000.000000 -3.00948709718966e-07
0.888889 89.222222 150000.000000 -3.00948710010194e-07
1.000000 89.222222 150000.000000 -3.00948710371097e-07
0.000000 89.333333 150000.000000 -3.0094867351282e-07
0.111111 89.333333 150000.000000 -3.00948673284659e-07
0.222222 89.333333 150000.000000 -3.00948672961953e-07
0.333333 89.333333 150000.000000 -3.00948673106477e-07
0.444444 89.333333 150000.000000 -3.00948672620052e-07
0.555556 89.333333 150000.000000 -3.00948672620172e-07
0.666667 89.333333 150000.000000 -3.00948673106502e-07
0.777778 89.333333 150000.000000 -3.00948672961816e-07
0.888889 89.333333 150000.000000 -3.00948673284615e-07
1.000000 89.333333 150000.000000 -3.00948673512803e-07
0.000000 89.444444 150000.000000 -3.00948604556613e-07
0.111111 89.444444 150000.000000 -3.00948604389581e-07
0.222222 89.444444 150000.000000 -3.0094860435298e-07
0.333333 89.444444 150000.000000 -3.00948604624735e-07
0.444444 89.444444 150000.000000 -3.00948604312313e-07
0.555556 89.444444 150000.000000 -3.00948604312448e-07
0.666667 89.444444 150000.000000 -3.00948604624636e-07
0.777778 89.444444 150000.000000 -3.00948604353015e-07
0.888889 89.444444 150000.000000 -3.009486043898e-07
1.000000 89.444444 150000.000000 -3.00948604556618e-07
0.000000 89.555556 150000.000000 -3.00948487409046e-07
0.111111 89.555556 150000.000000 -3.00948487432711e-07
0.222222 89.555556 150000.000000 -3.00948487412139e-07
0.333333 89.555556 150000.000000 -3.009484866232e-07
0.444444 89.555556 150000.000000 -3.0094848603177e-07
0.555556 89.555556 150000.000000 -3.00948486031805e-07
0.666667 89.555556 150000.000000 -3.00948486623437e-07
0.777778 89.555556 150000.000000 -3.00948487411891e-07
0.888889 89.555556 150000.000000 -3.00948487432724e-07
1.000000 89.555556 150000.000000 -3.00948487409046e-07
0.000000 89.666667 150000.000000 -3.00948548422906e-07
0.111111 89.666667 150000.000000 -3.00948548589269e-07
0.222222 89.666667 150000.000000 -3.00948547954915e-07
0.333333 89.666667 150000.000000 -3.00948548011163e-07
0.444444 89.666667 150000.000000 -3.00948548451152e-07
0.555556 89.666667 150000.000000 -3.00948548451282e-07
0.666667 89.666667 150000.000000 -3.00948548011243e-07
0.777778 89.666667 150000.000000 -3.00948547954926e-07
0.888889 89.666667 150000.000000 -3.00948548589148e-07
1.000000 89.666667 150000.000000 -3.00948548422907e-07
0.000000 89.777778 150000.000000 -3.00948627571896e-07
0.111111 89.777778 150000.000000 -3.00948627587683e-07
0.222222 89.777778 150000.000000 -3.00948628261834e-07
0.333333 89.777778 150000.000000 -3.00948628531947e-07
0.444444 89.777778 150000.000000 -3.00948628532479e-07
0.555556 89.777778 150000.000000 -3.0094862853246e-07
0.666667 89.777778 150000.000000 -3.00948628532135e-07
0.777778 89.777778 150000.000000 -3.00948628261805e-07
0.888889 89.777778 150000.000000 -3.00948627587634e-07
1.000000 89.777778 150000.000000 -3.00948627571903e-07
0.000000 89.888889 150000.000000 -3.00948674956134e-07
0.111111 89.888889 150000.000000 -3.00948674987018e-07
0.222222 89.888889 150000.000000 -3.00948674987598e-07
0.333333 89.888889 150000.000000 -3.0094867472071e-07
0.444444 89.888889 150000.000000 -3.00948674679848e-07
0.555556 89.888889 150000.000000 -3.00948674679986e-07
0.666667 89.888889 150000.000000 -3.00948674720462e-07
0.777778 89.888889 150000.000000 -3.00948674987584e-07
0.888889 89.888889 150000.000000 -3.00948674986993e-07
1.000000 89.888889 150000.000000 -3.00948674956151e-07
0.000000 90.000000 150000.000000 -3.00948675483057e-07
0.111111 90.000000 150000.000000 -3.00948675483057e-07
0.222222 90.000000 150000.000000 -3.00948675483057e-07
0.333333 90.000000 150000.000000 -3.00948675483057e-07
0.444444 90.000000 150000.000000 -3.00948675483057e-07
0.555556 90.000000 150000.000000 -3.00948675483057e-07
0.666667 90.000000 150000.000000 -3.00948675483057e-07
0.777778 90.000000 150000.000000 -3.00948675483057e-07
0.888889 90.000000 150000.000000 -3.00948675483057e-07
1.000000 90.000000 150000.000000 -3.00948675483057e-07
