# gzzz component calculated with tessgzzz 2017:
#   local time: Sun Mar 11 03:14:20 2018
#   model file: tesseroid_vs_spherical_shell_files/model-size1.0.tess (64800 tesseroids)
#   GLQ order: 2 lon / 2 lat / 2 r
#   Use recursive division of tesseroids: True
#   Distance-size ratio for recusive division: 5
0.000000 89.000000 150000.000000 -3.00863459454899e-07
0.111111 89.000000 150000.000000 -3.00861339738627e-07
0.222222 89.000000 150000.000000 -3.00860573866899e-07
0.333333 89.000000 150000.000000 -3.00860254465721e-07
0.444444 89.000000 150000.000000 -3.00860886666857e-07
0.555556 89.000000 150000.000000 -3.00860886666844e-07
0.666667 89.000000 150000.000000 -3.00860254465575e-07
0.777778 89.000000 150000.000000 -3.00860573866878e-07
0.888889 89.000000 150000.000000 -3.00861339738598e-07
1.000000 89.000000 150000.000000 -3.00863459454891e-07
0.000000 89.111111 150000.000000 -3.00909952178677e-07
0.111111 89.111111 150000.000000 -3.0090994950929e-07
0.222222 89.111111 150000.000000 -3.00909941500708e-07
0.333333 89.111111 150000.000000 -3.00908334550779e-07
0.444444 89.111111 150000.000000 -3.0090788026984e-07
0.555556 89.111111 150000.000000 -3.00907880269788e-07
0.666667 89.111111 150000.000000 -3.00908334550856e-07
0.777778 89.111111 150000.000000 -3.00909941500736e-07
0.888889 89.111111 150000.000000 -3.00909949509415e-07
1.000000 89.111111 150000.000000 -3.00909952178667e-07
0.000000 89.222222 150000.000000 -3.00902660840056e-07
0.111111 89.222222 150000.000000 -3.00903927594697e-07
0.222222 89.222222 150000.000000 -3.0090013842594e-07
0.333333 89.222222 150000.000000 -3.00897374296583e-07
0.444444 89.222222 150000.000000 -3.00897024804263e-07
0.555556 89.222222 150000.000000 -3.00897024804226e-07
0.666667 89.222222 150000.000000 -3.00897374296554e-07
0.777778 89.222222 150000.000000 -3.00900138425892e-07
0.888889 89.222222 150000.000000 -3.00903927594647e-07
1.000000 89.222222 150000.000000 -3.00902660840094e-07
0.000000 89.333333 150000.000000 -3.00613486091754e-07
0.111111 89.333333 150000.000000 -3.00613484678057e-07
0.222222 89.333333 150000.000000 -3.00617216020303e-07
0.333333 89.333333 150000.000000 -3.00619546658223e-07
0.444444 89.333333 150000.000000 -3.00621057437008e-07
0.555556 89.333333 150000.000000 -3.00621057437047e-07
0.666667 89.333333 150000.000000 -3.00619546658264e-07
0.777778 89.333333 150000.000000 -3.00617216020245e-07
0.888889 89.333333 150000.000000 -3.0061348467801e-07
1.000000 89.333333 150000.000000 -3.00613486091752e-07
0.000000 89.444444 150000.000000 -3.00337946399619e-07
0.111111 89.444444 150000.000000 -3.00337945199054e-07
0.222222 89.444444 150000.000000 -3.00337941597541e-07
0.333333 89.444444 150000.000000 -3.00335372122054e-07
0.444444 89.444444 150000.000000 -3.00336717006994e-07
0.555556 89.444444 150000.000000 -3.00336717006944e-07
0.666667 89.444444 150000.000000 -3.00335372122013e-07
0.777778 89.444444 150000.000000 -3.00337941597486e-07
0.888889 89.444444 150000.000000 -3.00337945199036e-07
1.000000 89.444444 150000.000000 -3.0033794639961e-07
0.000000 89.555556 150000.000000 -2.99877772322572e-07
0.111111 89.555556 150000.000000 -2.99877771284383e-07
0.222222 89.555556 150000.000000 -2.99879695137976e-07
0.333333 89.555556 150000.000000 -2.99876924208521e-07
0.444444 89.555556 150000.000000 -2.99876926683236e-07
0.555556 89.555556 150000.000000 -2.99876926683281e-07
0.666667 89.555556 150000.000000 -2.99876924208569e-07
0.777778 89.555556 150000.000000 -2.99879695137956e-07
0.888889 89.555556 150000.000000 -2.99877771284419e-07
1.000000 89.555556 150000.000000 -2.99877772322574e-07
0.000000 89.666667 150000.000000 -2.99363137542612e-07
0.111111 89.666667 150000.000000 -2.99360207699498e-07
0.222222 89.666667 150000.000000 -2.99360622596657e-07
0.333333 89.666667 150000.000000 -2.99360625072549e-07
0.444444 89.666667 150000.000000 -2.99360626311257e-07
0.555556 89.666667 150000.000000 -2.99360626311219e-07
0.666667 89.666667 150000.000000 -2.99360625072553e-07
0.777778 89.666667 150000.000000 -2.9936062259663e-07
0.888889 89.666667 150000.000000 -2.99360207699603e-07
1.000000 89.666667 150000.000000 -2.99363137542619e-07
0.000000 89.777778 150000.000000 -2.98557033554498e-07
0.111111 89.777778 150000.000000 -2.98557033203683e-07
0.222222 89.777778 150000.000000 -2.98557032151917e-07
0.333333 89.777778 150000.000000 -2.9855703040019e-07
0.444444 89.777778 150000.000000 -2.98557027947022e-07
0.555556 89.777778 150000.000000 -2.98557027947078e-07
0.666667 89.777778 150000.000000 -2.98557030400206e-07
0.777778 89.777778 150000.000000 -2.98557032151912e-07
0.888889 89.777778 150000.000000 -2.98557033203748e-07
1.000000 89.777778 150000.000000 -2.98557033554496e-07
0.000000 89.888889 150000.000000 -2.97820136737354e-07
0.111111 89.888889 150000.000000 -2.97820136736453e-07
0.222222 89.888889 150000.000000 -2.97820136736675e-07
0.333333 89.888889 150000.000000 -2.978201367373e-07
0.444444 89.888889 150000.000000 -2.97820136736404e-07
0.555556 89.888889 150000.000000 -2.97820136736391e-07
0.666667 89.888889 150000.000000 -2.97820136737259e-07
0.777778 89.888889 150000.000000 -2.97820136736817e-07
0.888889 89.888889 150000.000000 -2.97820136736446e-07
1.000000 89.888889 150000.000000 -2.97820136737359e-07
0.000000 90.000000 150000.000000 -2.97642718230528e-07
0.111111 90.000000 150000.000000 -2.97642718230528e-07
0.222222 90.000000 150000.000000 -2.97642718230528e-07
0.333333 90.000000 150000.000000 -2.97642718230528e-07
0.444444 90.000000 150000.000000 -2.97642718230528e-07
0.555556 90.000000 150000.000000 -2.97642718230528e-07
0.666667 90.000000 150000.000000 -2.97642718230528e-07
0.777778 90.000000 150000.000000 -2.97642718230528e-07
0.888889 90.000000 150000.000000 -2.97642718230528e-07
1.000000 90.000000 150000.000000 -2.97642718230528e-07
