# gzzz component calculated with tessgzzz 2017:
#   local time: Sun Mar 11 03:11:35 2018
#   model file: tesseroid_vs_spherical_shell_files/model-size1.0.tess (64800 tesseroids)
#   GLQ order: 2 lon / 2 lat / 2 r
#   Use recursive division of tesseroids: True
#   Distance-size ratio for recusive division: 15
0.000000 89.000000 50000.000000 -3.20210759873972e-07
0.111111 89.000000 50000.000000 -3.20208931822025e-07
0.222222 89.000000 50000.000000 -3.20210142562167e-07
0.333333 89.000000 50000.000000 -3.20210941167093e-07
0.444444 89.000000 50000.000000 -3.20210401525405e-07
0.555556 89.000000 50000.000000 -3.20210401524052e-07
0.666667 89.000000 50000.000000 -3.20210941163831e-07
0.777778 89.000000 50000.000000 -3.2021014256175e-07
0.888889 89.000000 50000.000000 -3.20208931823373e-07
1.000000 89.000000 50000.000000 -3.20210759873775e-07
0.000000 89.111111 50000.000000 -3.2021185638864e-07
0.111111 89.111111 50000.000000 -3.20210304187032e-07
0.222222 89.111111 50000.000000 -3.20211678171635e-07
0.333333 89.111111 50000.000000 -3.2021170296099e-07
0.444444 89.111111 50000.000000 -3.20212456116953e-07
0.555556 89.111111 50000.000000 -3.20212456116213e-07
0.666667 89.111111 50000.000000 -3.2021170296138e-07
0.777778 89.111111 50000.000000 -3.20211678170883e-07
0.888889 89.111111 50000.000000 -3.20210304187391e-07
1.000000 89.111111 50000.000000 -3.20211856388621e-07
0.000000 89.222222 50000.000000 -3.20207374374245e-07
0.111111 89.222222 50000.000000 -3.20208097133072e-07
0.222222 89.222222 50000.000000 -3.20206810999917e-07
0.333333 89.222222 50000.000000 -3.20205553898235e-07
0.444444 89.222222 50000.000000 -3.20205388743105e-07
0.555556 89.222222 50000.000000 -3.20205388743632e-07
0.666667 89.222222 50000.000000 -3.20205553898644e-07
0.777778 89.222222 50000.000000 -3.20206811000098e-07
0.888889 89.222222 50000.000000 -3.20208097133248e-07
1.000000 89.222222 50000.000000 -3.20207374374743e-07
0.000000 89.333333 50000.000000 -3.20208923271217e-07
0.111111 89.333333 50000.000000 -3.20209062223115e-07
0.222222 89.333333 50000.000000 -3.20208683294565e-07
0.333333 89.333333 50000.000000 -3.20206667195078e-07
0.444444 89.333333 50000.000000 -3.20206737672965e-07
0.555556 89.333333 50000.000000 -3.20206737672995e-07
0.666667 89.333333 50000.000000 -3.20206667193909e-07
0.777778 89.333333 50000.000000 -3.20208683295029e-07
0.888889 89.333333 50000.000000 -3.20209062222581e-07
1.000000 89.333333 50000.000000 -3.20208923270887e-07
0.000000 89.444444 50000.000000 -3.20207540566518e-07
0.111111 89.444444 50000.000000 -3.20208072664793e-07
0.222222 89.444444 50000.000000 -3.20208358564976e-07
0.333333 89.444444 50000.000000 -3.20207428905116e-07
0.444444 89.444444 50000.000000 -3.2020738602828e-07
0.555556 89.444444 50000.000000 -3.20207386027899e-07
0.666667 89.444444 50000.000000 -3.20207428905313e-07
0.777778 89.444444 50000.000000 -3.20208358565319e-07
0.888889 89.444444 50000.000000 -3.20208072664629e-07
1.000000 89.444444 50000.000000 -3.20207540566822e-07
0.000000 89.555556 50000.000000 -3.20225855552108e-07
0.111111 89.555556 50000.000000 -3.20226139045916e-07
0.222222 89.555556 50000.000000 -3.20226247675165e-07
0.333333 89.555556 50000.000000 -3.20226557192806e-07
0.444444 89.555556 50000.000000 -3.20226544359807e-07
0.555556 89.555556 50000.000000 -3.20226544359605e-07
0.666667 89.555556 50000.000000 -3.20226557192201e-07
0.777778 89.555556 50000.000000 -3.20226247675138e-07
0.888889 89.555556 50000.000000 -3.20226139045382e-07
1.000000 89.555556 50000.000000 -3.20225855551969e-07
0.000000 89.666667 50000.000000 -3.20250729272015e-07
0.111111 89.666667 50000.000000 -3.20251041640391e-07
0.222222 89.666667 50000.000000 -3.20251914377333e-07
0.333333 89.666667 50000.000000 -3.20251647664651e-07
0.444444 89.666667 50000.000000 -3.20251056049012e-07
0.555556 89.666667 50000.000000 -3.2025105604866e-07
0.666667 89.666667 50000.000000 -3.20251647665307e-07
0.777778 89.666667 50000.000000 -3.20251914376832e-07
0.888889 89.666667 50000.000000 -3.20251041640124e-07
1.000000 89.666667 50000.000000 -3.2025072927217e-07
0.000000 89.777778 50000.000000 -3.20223824119632e-07
0.111111 89.777778 50000.000000 -3.20224085756166e-07
0.222222 89.777778 50000.000000 -3.20223811725816e-07
0.333333 89.777778 50000.000000 -3.20223877073002e-07
0.444444 89.777778 50000.000000 -3.20223703989874e-07
0.555556 89.777778 50000.000000 -3.20223703989742e-07
0.666667 89.777778 50000.000000 -3.20223877072764e-07
0.777778 89.777778 50000.000000 -3.20223811725828e-07
0.888889 89.777778 50000.000000 -3.20224085755896e-07
1.000000 89.777778 50000.000000 -3.20223824119759e-07
0.000000 89.888889 50000.000000 -3.20168994711056e-07
0.111111 89.888889 50000.000000 -3.20169594965535e-07
0.222222 89.888889 50000.000000 -3.20170416882655e-07
0.333333 89.888889 50000.000000 -3.20170417673387e-07
0.444444 89.888889 50000.000000 -3.20169777795227e-07
0.555556 89.888889 50000.000000 -3.20169777795586e-07
0.666667 89.888889 50000.000000 -3.20170417673922e-07
0.777778 89.888889 50000.000000 -3.20170416882607e-07
0.888889 89.888889 50000.000000 -3.20169594965075e-07
1.000000 89.888889 50000.000000 -3.20168994710995e-07
0.000000 90.000000 50000.000000 -3.20281039547612e-07
0.111111 90.000000 50000.000000 -3.20281039547612e-07
0.222222 90.000000 50000.000000 -3.20281039547612e-07
0.333333 90.000000 50000.000000 -3.20281039547612e-07
0.444444 90.000000 50000.000000 -3.20281039547612e-07
0.555556 90.000000 50000.000000 -3.20281039547612e-07
0.666667 90.000000 50000.000000 -3.20281039547612e-07
0.777778 90.000000 50000.000000 -3.20281039547612e-07
0.888889 90.000000 50000.000000 -3.20281039547612e-07
1.000000 90.000000 50000.000000 -3.20281039547612e-07
