# gzzz component calculated with tessgzzz 2017:
#   local time: Sun Mar 11 03:09:19 2018
#   model file: tesseroid_vs_spherical_shell_files/model-size1.0.tess (64800 tesseroids)
#   GLQ order: 2 lon / 2 lat / 2 r
#   Use recursive division of tesseroids: True
#   Distance-size ratio for recusive division: 45
0.000000 89.000000 10000.000000 -3.28250810201336e-07
0.111111 89.000000 10000.000000 -3.2825074237656e-07
0.222222 89.000000 10000.000000 -3.28250741613588e-07
0.333333 89.000000 10000.000000 -3.28250945653972e-07
0.444444 89.000000 10000.000000 -3.28250855404809e-07
0.555556 89.000000 10000.000000 -3.28250855403638e-07
0.666667 89.000000 10000.000000 -3.2825094556109e-07
0.777778 89.000000 10000.000000 -3.28250741558386e-07
0.888889 89.000000 10000.000000 -3.282507423843e-07
1.000000 89.000000 10000.000000 -3.28250810200228e-07
0.000000 89.111111 10000.000000 -3.28260814261523e-07
0.111111 89.111111 10000.000000 -3.28261489778802e-07
0.222222 89.111111 10000.000000 -3.28261233552666e-07
0.333333 89.111111 10000.000000 -3.28261862106339e-07
0.444444 89.111111 10000.000000 -3.28261879810404e-07
0.555556 89.111111 10000.000000 -3.28261879854426e-07
0.666667 89.111111 10000.000000 -3.28261862034198e-07
0.777778 89.111111 10000.000000 -3.28261233560271e-07
0.888889 89.111111 10000.000000 -3.28261489830173e-07
1.000000 89.111111 10000.000000 -3.28260814283821e-07
0.000000 89.222222 10000.000000 -3.28232583314501e-07
0.111111 89.222222 10000.000000 -3.28232437876059e-07
0.222222 89.222222 10000.000000 -3.2823240587546e-07
0.333333 89.222222 10000.000000 -3.28232817324095e-07
0.444444 89.222222 10000.000000 -3.28233097379673e-07
0.555556 89.222222 10000.000000 -3.28233097316002e-07
0.666667 89.222222 10000.000000 -3.28232817306034e-07
0.777778 89.222222 10000.000000 -3.28232405687818e-07
0.888889 89.222222 10000.000000 -3.28232437841293e-07
1.000000 89.222222 10000.000000 -3.28232583251161e-07
0.000000 89.333333 10000.000000 -3.2822025374816e-07
0.111111 89.333333 10000.000000 -3.28220066361488e-07
0.222222 89.333333 10000.000000 -3.28220365451064e-07
0.333333 89.333333 10000.000000 -3.28220184851888e-07
0.444444 89.333333 10000.000000 -3.28219763885056e-07
0.555556 89.333333 10000.000000 -3.28219763913539e-07
0.666667 89.333333 10000.000000 -3.28220184778862e-07
0.777778 89.333333 10000.000000 -3.28220365370314e-07
0.888889 89.333333 10000.000000 -3.28220066301247e-07
1.000000 89.333333 10000.000000 -3.28220253655374e-07
0.000000 89.444444 10000.000000 -3.28211586202317e-07
0.111111 89.444444 10000.000000 -3.28211928040853e-07
0.222222 89.444444 10000.000000 -3.28211871320022e-07
0.333333 89.444444 10000.000000 -3.28211977086337e-07
0.444444 89.444444 10000.000000 -3.28212004741686e-07
0.555556 89.444444 10000.000000 -3.28212004799212e-07
0.666667 89.444444 10000.000000 -3.28211976965948e-07
0.777778 89.444444 10000.000000 -3.28211871234133e-07
0.888889 89.444444 10000.000000 -3.28211928031474e-07
1.000000 89.444444 10000.000000 -3.28211586190829e-07
0.000000 89.555556 10000.000000 -3.28259728482936e-07
0.111111 89.555556 10000.000000 -3.28261002906484e-07
0.222222 89.555556 10000.000000 -3.28259855174737e-07
0.333333 89.555556 10000.000000 -3.28260180061866e-07
0.444444 89.555556 10000.000000 -3.28259750101503e-07
0.555556 89.555556 10000.000000 -3.28259750144247e-07
0.666667 89.555556 10000.000000 -3.28260179763502e-07
0.777778 89.555556 10000.000000 -3.28259855199427e-07
0.888889 89.555556 10000.000000 -3.28261002984e-07
1.000000 89.555556 10000.000000 -3.28259728491827e-07
0.000000 89.666667 10000.000000 -3.28221574637378e-07
0.111111 89.666667 10000.000000 -3.28221789685253e-07
0.222222 89.666667 10000.000000 -3.28221513168971e-07
0.333333 89.666667 10000.000000 -3.28221737496805e-07
0.444444 89.666667 10000.000000 -3.28221797477101e-07
0.555556 89.666667 10000.000000 -3.28221797462378e-07
0.666667 89.666667 10000.000000 -3.2822173746723e-07
0.777778 89.666667 10000.000000 -3.28221513201787e-07
0.888889 89.666667 10000.000000 -3.28221789654358e-07
1.000000 89.666667 10000.000000 -3.28221574630669e-07
0.000000 89.777778 10000.000000 -3.28251967138087e-07
0.111111 89.777778 10000.000000 -3.28252998311635e-07
0.222222 89.777778 10000.000000 -3.28253133082436e-07
0.333333 89.777778 10000.000000 -3.28253541209994e-07
0.444444 89.777778 10000.000000 -3.28252993262668e-07
0.555556 89.777778 10000.000000 -3.28252993263641e-07
0.666667 89.777778 10000.000000 -3.28253541186879e-07
0.777778 89.777778 10000.000000 -3.2825313286955e-07
0.888889 89.777778 10000.000000 -3.28252998371203e-07
1.000000 89.777778 10000.000000 -3.28251967109016e-07
0.000000 89.888889 10000.000000 -3.28221977175633e-07
0.111111 89.888889 10000.000000 -3.28221954708368e-07
0.222222 89.888889 10000.000000 -3.28221796493687e-07
0.333333 89.888889 10000.000000 -3.28221916353472e-07
0.444444 89.888889 10000.000000 -3.2822221369103e-07
0.555556 89.888889 10000.000000 -3.28222213676442e-07
0.666667 89.888889 10000.000000 -3.28221916357196e-07
0.777778 89.888889 10000.000000 -3.28221796500846e-07
0.888889 89.888889 10000.000000 -3.2822195471517e-07
1.000000 89.888889 10000.000000 -3.28221977201467e-07
0.000000 90.000000 10000.000000 -3.28182671679992e-07
0.111111 90.000000 10000.000000 -3.28182671679992e-07
0.222222 90.000000 10000.000000 -3.28182671679992e-07
0.333333 90.000000 10000.000000 -3.28182671679992e-07
0.444444 90.000000 10000.000000 -3.28182671679992e-07
0.555556 90.000000 10000.000000 -3.28182671679992e-07
0.666667 90.000000 10000.000000 -3.28182671679992e-07
0.777778 90.000000 10000.000000 -3.28182671679992e-07
0.888889 90.000000 10000.000000 -3.28182671679992e-07
1.000000 90.000000 10000.000000 -3.28182671679992e-07
