# gzzz component calculated with tessgzzz 2017:
#   local time: Sun Mar 11 03:00:54 2018
#   model file: tesseroid_vs_spherical_shell_files/model-size1.0.tess (64800 tesseroids)
#   GLQ order: 2 lon / 2 lat / 2 r
#   Use recursive division of tesseroids: True
#   Distance-size ratio for recusive division: 27.5
0.000000 89.000000 8000.000000 -3.28422878525863e-07
0.111111 89.000000 8000.000000 -3.2842316304755e-07
0.222222 89.000000 8000.000000 -3.28422887147432e-07
0.333333 89.000000 8000.000000 -3.28425339883376e-07
0.444444 89.000000 8000.000000 -3.28422638477762e-07
0.555556 89.000000 8000.000000 -3.28422638374381e-07
0.666667 89.000000 8000.000000 -3.28425339814277e-07
0.777778 89.000000 8000.000000 -3.28422886924108e-07
0.888889 89.000000 8000.000000 -3.28423163035152e-07
1.000000 89.000000 8000.000000 -3.28422878480496e-07
0.000000 89.111111 8000.000000 -3.28352015183534e-07
0.111111 89.111111 8000.000000 -3.28344630186539e-07
0.222222 89.111111 8000.000000 -3.28353451563032e-07
0.333333 89.111111 8000.000000 -3.28336550309939e-07
0.444444 89.111111 8000.000000 -3.28336546474623e-07
0.555556 89.111111 8000.000000 -3.28336546581337e-07
0.666667 89.111111 8000.000000 -3.28336550318083e-07
0.777778 89.111111 8000.000000 -3.283534514873e-07
0.888889 89.111111 8000.000000 -3.28344632456448e-07
1.000000 89.111111 8000.000000 -3.28352015181088e-07
0.000000 89.222222 8000.000000 -3.28241413172949e-07
0.111111 89.222222 8000.000000 -3.28247242539111e-07
0.222222 89.222222 8000.000000 -3.28247613765176e-07
0.333333 89.222222 8000.000000 -3.28248737668916e-07
0.444444 89.222222 8000.000000 -3.28247393375388e-07
0.555556 89.222222 8000.000000 -3.28247393411087e-07
0.666667 89.222222 8000.000000 -3.28248737675758e-07
0.777778 89.222222 8000.000000 -3.2824761364785e-07
0.888889 89.222222 8000.000000 -3.28247242566223e-07
1.000000 89.222222 8000.000000 -3.28241413196361e-07
0.000000 89.333333 8000.000000 -3.28420849943842e-07
0.111111 89.333333 8000.000000 -3.28422995162005e-07
0.222222 89.333333 8000.000000 -3.28423197305709e-07
0.333333 89.333333 8000.000000 -3.28428592581345e-07
0.444444 89.333333 8000.000000 -3.28418555841623e-07
0.555556 89.333333 8000.000000 -3.28418555930422e-07
0.666667 89.333333 8000.000000 -3.28428592646731e-07
0.777778 89.333333 8000.000000 -3.28423197293378e-07
0.888889 89.333333 8000.000000 -3.28422995220294e-07
1.000000 89.333333 8000.000000 -3.28420849851184e-07
0.000000 89.444444 8000.000000 -3.28676361046648e-07
0.111111 89.444444 8000.000000 -3.28670996099681e-07
0.222222 89.444444 8000.000000 -3.28677453907307e-07
0.333333 89.444444 8000.000000 -3.28669299318248e-07
0.444444 89.444444 8000.000000 -3.28670488554365e-07
0.555556 89.444444 8000.000000 -3.28670488654181e-07
0.666667 89.444444 8000.000000 -3.28669299320721e-07
0.777778 89.444444 8000.000000 -3.28677453892431e-07
0.888889 89.444444 8000.000000 -3.28670996193306e-07
1.000000 89.444444 8000.000000 -3.28676361117449e-07
0.000000 89.555556 8000.000000 -3.28269284248172e-07
0.111111 89.555556 8000.000000 -3.28266737143187e-07
0.222222 89.555556 8000.000000 -3.28275401553748e-07
0.333333 89.555556 8000.000000 -3.28266692394328e-07
0.444444 89.555556 8000.000000 -3.28264429682451e-07
0.555556 89.555556 8000.000000 -3.28264429674995e-07
0.666667 89.555556 8000.000000 -3.28266691985339e-07
0.777778 89.555556 8000.000000 -3.28275401591871e-07
0.888889 89.555556 8000.000000 -3.28266737130836e-07
1.000000 89.555556 8000.000000 -3.28269284236315e-07
0.000000 89.666667 8000.000000 -3.28379031935752e-07
0.111111 89.666667 8000.000000 -3.28368440123145e-07
0.222222 89.666667 8000.000000 -3.28367239065038e-07
0.333333 89.666667 8000.000000 -3.28363929802037e-07
0.444444 89.666667 8000.000000 -3.28370168642583e-07
0.555556 89.666667 8000.000000 -3.28370168617809e-07
0.666667 89.666667 8000.000000 -3.28363929780923e-07
0.777778 89.666667 8000.000000 -3.28367239048323e-07
0.888889 89.666667 8000.000000 -3.28368440157075e-07
1.000000 89.666667 8000.000000 -3.2837903196036e-07
0.000000 89.777778 8000.000000 -3.2827766836872e-07
0.111111 89.777778 8000.000000 -3.2827695894809e-07
0.222222 89.777778 8000.000000 -3.28290192509814e-07
0.333333 89.777778 8000.000000 -3.2829110811016e-07
0.444444 89.777778 8000.000000 -3.28297940137145e-07
0.555556 89.777778 8000.000000 -3.28297940051601e-07
0.666667 89.777778 8000.000000 -3.28291108219342e-07
0.777778 89.777778 8000.000000 -3.28290192302921e-07
0.888889 89.777778 8000.000000 -3.28276958918055e-07
1.000000 89.777778 8000.000000 -3.28277668407824e-07
0.000000 89.888889 8000.000000 -3.28411569646095e-07
0.111111 89.888889 8000.000000 -3.28412017016631e-07
0.222222 89.888889 8000.000000 -3.28413321363627e-07
0.333333 89.888889 8000.000000 -3.28411843445486e-07
0.444444 89.888889 8000.000000 -3.28413468170904e-07
0.555556 89.888889 8000.000000 -3.28413468165634e-07
0.666667 89.888889 8000.000000 -3.28411843470101e-07
0.777778 89.888889 8000.000000 -3.28413321292776e-07
0.888889 89.888889 8000.000000 -3.28412016967023e-07
1.000000 89.888889 8000.000000 -3.28411569697692e-07
0.000000 90.000000 8000.000000 -3.27789615283189e-07
0.111111 90.000000 8000.000000 -3.27789615283189e-07
0.222222 90.000000 8000.000000 -3.27789615283189e-07
0.333333 90.000000 8000.000000 -3.27789615283189e-07
0.444444 90.000000 8000.000000 -3.27789615283189e-07
0.555556 90.000000 8000.000000 -3.27789615283189e-07
0.666667 90.000000 8000.000000 -3.27789615283189e-07
0.777778 90.000000 8000.000000 -3.27789615283189e-07
0.888889 90.000000 8000.000000 -3.27789615283189e-07
1.000000 90.000000 8000.000000 -3.27789615283189e-07
