# gzzz component calculated with tessgzzz 2017:
#   local time: Sun Mar 11 03:15:37 2018
#   model file: tesseroid_vs_spherical_shell_files/model-size1.0.tess (64800 tesseroids)
#   GLQ order: 2 lon / 2 lat / 2 r
#   Use recursive division of tesseroids: True
#   Distance-size ratio for recusive division: 35
0.000000 89.000000 150000.000000 -3.00948449332568e-07
0.111111 89.000000 150000.000000 -3.00948449263533e-07
0.222222 89.000000 150000.000000 -3.00948449447001e-07
0.333333 89.000000 150000.000000 -3.0094844942481e-07
0.444444 89.000000 150000.000000 -3.00948448921906e-07
0.555556 89.000000 150000.000000 -3.00948448922122e-07
0.666667 89.000000 150000.000000 -3.00948449424845e-07
0.777778 89.000000 150000.000000 -3.00948449446981e-07
0.888889 89.000000 150000.000000 -3.00948449263441e-07
1.000000 89.000000 150000.000000 -3.00948449332577e-07
0.000000 89.111111 150000.000000 -3.0094842631888e-07
0.111111 89.111111 150000.000000 -3.0094842623788e-07
0.222222 89.111111 150000.000000 -3.00948426407559e-07
0.333333 89.111111 150000.000000 -3.00948426414001e-07
0.444444 89.111111 150000.000000 -3.00948426071967e-07
0.555556 89.111111 150000.000000 -3.00948426072119e-07
0.666667 89.111111 150000.000000 -3.0094842641416e-07
0.777778 89.111111 150000.000000 -3.00948426407522e-07
0.888889 89.111111 150000.000000 -3.00948426237864e-07
1.000000 89.111111 150000.000000 -3.0094842631892e-07
0.000000 89.222222 150000.000000 -3.00948391670384e-07
0.111111 89.222222 150000.000000 -3.00948391465045e-07
0.222222 89.222222 150000.000000 -3.00948391304349e-07
0.333333 89.222222 150000.000000 -3.00948391337614e-07
0.444444 89.222222 150000.000000 -3.00948391249559e-07
0.555556 89.222222 150000.000000 -3.00948391249459e-07
0.666667 89.222222 150000.000000 -3.00948391337509e-07
0.777778 89.222222 150000.000000 -3.00948391304423e-07
0.888889 89.222222 150000.000000 -3.00948391465292e-07
1.000000 89.222222 150000.000000 -3.00948391670316e-07
0.000000 89.333333 150000.000000 -3.00948330634516e-07
0.111111 89.333333 150000.000000 -3.0094833054578e-07
0.222222 89.333333 150000.000000 -3.00948330084848e-07
0.333333 89.333333 150000.000000 -3.0094832961821e-07
0.444444 89.333333 150000.000000 -3.00948329637445e-07
0.555556 89.333333 150000.000000 -3.00948329637424e-07
0.666667 89.333333 150000.000000 -3.00948329618238e-07
0.777778 89.333333 150000.000000 -3.00948330084853e-07
0.888889 89.333333 150000.000000 -3.00948330545885e-07
1.000000 89.333333 150000.000000 -3.00948330634512e-07
0.000000 89.444444 150000.000000 -3.00948234657104e-07
0.111111 89.444444 150000.000000 -3.00948234891261e-07
0.222222 89.444444 150000.000000 -3.00948234725413e-07
0.333333 89.444444 150000.000000 -3.00948234771626e-07
0.444444 89.444444 150000.000000 -3.00948235044785e-07
0.555556 89.444444 150000.000000 -3.00948235044744e-07
0.666667 89.444444 150000.000000 -3.00948234771641e-07
0.777778 89.444444 150000.000000 -3.00948234725343e-07
0.888889 89.444444 150000.000000 -3.00948234891268e-07
1.000000 89.444444 150000.000000 -3.00948234657114e-07
0.000000 89.555556 150000.000000 -3.00948099706829e-07
0.111111 89.555556 150000.000000 -3.00948099994856e-07
0.222222 89.555556 150000.000000 -3.00948099771905e-07
0.333333 89.555556 150000.000000 -3.00948100061352e-07
0.444444 89.555556 150000.000000 -3.00948100189163e-07
0.555556 89.555556 150000.000000 -3.00948100189234e-07
0.666667 89.555556 150000.000000 -3.00948100061363e-07
0.777778 89.555556 150000.000000 -3.0094809977178e-07
0.888889 89.555556 150000.000000 -3.00948099994856e-07
1.000000 89.555556 150000.000000 -3.00948099706812e-07
0.000000 89.666667 150000.000000 -3.00947940849954e-07
0.111111 89.666667 150000.000000 -3.00947941232204e-07
0.222222 89.666667 150000.000000 -3.00947941305867e-07
0.333333 89.666667 150000.000000 -3.0094794161506e-07
0.444444 89.666667 150000.000000 -3.00947941575372e-07
0.555556 89.666667 150000.000000 -3.00947941575365e-07
0.666667 89.666667 150000.000000 -3.00947941615029e-07
0.777778 89.666667 150000.000000 -3.00947941305815e-07
0.888889 89.666667 150000.000000 -3.00947941232169e-07
1.000000 89.666667 150000.000000 -3.00947940849946e-07
0.000000 89.777778 150000.000000 -3.00947779782872e-07
0.111111 89.777778 150000.000000 -3.00947779649351e-07
0.222222 89.777778 150000.000000 -3.00947780130117e-07
0.333333 89.777778 150000.000000 -3.00947780171161e-07
0.444444 89.777778 150000.000000 -3.00947779992271e-07
0.555556 89.777778 150000.000000 -3.00947779992376e-07
0.666667 89.777778 150000.000000 -3.00947780171178e-07
0.777778 89.777778 150000.000000 -3.00947780129939e-07
0.888889 89.777778 150000.000000 -3.00947779649236e-07
1.000000 89.777778 150000.000000 -3.00947779782868e-07
0.000000 89.888889 150000.000000 -3.0094765801482e-07
0.111111 89.888889 150000.000000 -3.00947657866939e-07
0.222222 89.888889 150000.000000 -3.00947657867342e-07
0.333333 89.888889 150000.000000 -3.00947658050922e-07
0.444444 89.888889 150000.000000 -3.0094765786096e-07
0.555556 89.888889 150000.000000 -3.00947657861025e-07
0.666667 89.888889 150000.000000 -3.0094765805073e-07
0.777778 89.888889 150000.000000 -3.00947657867287e-07
0.888889 89.888889 150000.000000 -3.00947657866872e-07
1.000000 89.888889 150000.000000 -3.0094765801483e-07
0.000000 90.000000 150000.000000 -3.00947590336334e-07
0.111111 90.000000 150000.000000 -3.00947590336334e-07
0.222222 90.000000 150000.000000 -3.00947590336334e-07
0.333333 90.000000 150000.000000 -3.00947590336334e-07
0.444444 90.000000 150000.000000 -3.00947590336334e-07
0.555556 90.000000 150000.000000 -3.00947590336334e-07
0.666667 90.000000 150000.000000 -3.00947590336334e-07
0.777778 90.000000 150000.000000 -3.00947590336334e-07
0.888889 90.000000 150000.000000 -3.00947590336334e-07
1.000000 90.000000 150000.000000 -3.00947590336334e-07
