# gzzz component calculated with tessgzzz 2017:
#   local time: Sun Mar 11 03:14:39 2018
#   model file: tesseroid_vs_spherical_shell_files/model-size1.0.tess (64800 tesseroids)
#   GLQ order: 2 lon / 2 lat / 2 r
#   Use recursive division of tesseroids: True
#   Distance-size ratio for recusive division: 15
0.000000 89.000000 150000.000000 -3.00953002931791e-07
0.111111 89.000000 150000.000000 -3.00952991610525e-07
0.222222 89.000000 150000.000000 -3.00952995549231e-07
0.333333 89.000000 150000.000000 -3.00952982653254e-07
0.444444 89.000000 150000.000000 -3.00953025765146e-07
0.555556 89.000000 150000.000000 -3.00953025765074e-07
0.666667 89.000000 150000.000000 -3.00952982653157e-07
0.777778 89.000000 150000.000000 -3.00952995549352e-07
0.888889 89.000000 150000.000000 -3.0095299161058e-07
1.000000 89.000000 150000.000000 -3.00953002931802e-07
0.000000 89.111111 150000.000000 -3.0095214307877e-07
0.111111 89.111111 150000.000000 -3.00952170260443e-07
0.222222 89.111111 150000.000000 -3.00952182069708e-07
0.333333 89.111111 150000.000000 -3.00952193576971e-07
0.444444 89.111111 150000.000000 -3.00952225642097e-07
0.555556 89.111111 150000.000000 -3.00952225642036e-07
0.666667 89.111111 150000.000000 -3.00952193576992e-07
0.777778 89.111111 150000.000000 -3.00952182069743e-07
0.888889 89.111111 150000.000000 -3.00952170260495e-07
1.000000 89.111111 150000.000000 -3.00952143078752e-07
0.000000 89.222222 150000.000000 -3.00950778873831e-07
0.111111 89.222222 150000.000000 -3.00950783039081e-07
0.222222 89.222222 150000.000000 -3.00950740934499e-07
0.333333 89.222222 150000.000000 -3.00950732103496e-07
0.444444 89.222222 150000.000000 -3.0095076563581e-07
0.555556 89.222222 150000.000000 -3.00950765635744e-07
0.666667 89.222222 150000.000000 -3.00950732103467e-07
0.777778 89.222222 150000.000000 -3.00950740934288e-07
0.888889 89.222222 150000.000000 -3.00950783039095e-07
1.000000 89.222222 150000.000000 -3.00950778873816e-07
0.000000 89.333333 150000.000000 -3.00948682457519e-07
0.111111 89.333333 150000.000000 -3.00948658262976e-07
0.222222 89.333333 150000.000000 -3.00948692511753e-07
0.333333 89.333333 150000.000000 -3.00948697554194e-07
0.444444 89.333333 150000.000000 -3.00948672396871e-07
0.555556 89.333333 150000.000000 -3.00948672396867e-07
0.666667 89.333333 150000.000000 -3.00948697554166e-07
0.777778 89.333333 150000.000000 -3.00948692511743e-07
0.888889 89.333333 150000.000000 -3.00948658262903e-07
1.000000 89.333333 150000.000000 -3.00948682457534e-07
0.000000 89.444444 150000.000000 -3.00945896185107e-07
0.111111 89.444444 150000.000000 -3.00945909425908e-07
0.222222 89.444444 150000.000000 -3.0094590330997e-07
0.333333 89.444444 150000.000000 -3.00945933676639e-07
0.444444 89.444444 150000.000000 -3.00945932979467e-07
0.555556 89.444444 150000.000000 -3.00945932979468e-07
0.666667 89.444444 150000.000000 -3.00945933676632e-07
0.777778 89.444444 150000.000000 -3.00945903310074e-07
0.888889 89.444444 150000.000000 -3.00945909425755e-07
1.000000 89.444444 150000.000000 -3.00945896185101e-07
0.000000 89.555556 150000.000000 -3.00942625354122e-07
0.111111 89.555556 150000.000000 -3.00942641126962e-07
0.222222 89.555556 150000.000000 -3.00942641254495e-07
0.333333 89.555556 150000.000000 -3.00942665056294e-07
0.444444 89.555556 150000.000000 -3.00942665351659e-07
0.555556 89.555556 150000.000000 -3.00942665351693e-07
0.666667 89.555556 150000.000000 -3.00942665056176e-07
0.777778 89.555556 150000.000000 -3.00942641254679e-07
0.888889 89.555556 150000.000000 -3.0094264112707e-07
1.000000 89.555556 150000.000000 -3.00942625354128e-07
0.000000 89.666667 150000.000000 -3.00939014536507e-07
0.111111 89.666667 150000.000000 -3.00939002957977e-07
0.222222 89.666667 150000.000000 -3.00938995828953e-07
0.333333 89.666667 150000.000000 -3.00939005858234e-07
0.444444 89.666667 150000.000000 -3.00938995539153e-07
0.555556 89.666667 150000.000000 -3.00938995539324e-07
0.666667 89.666667 150000.000000 -3.00939005858204e-07
0.777778 89.666667 150000.000000 -3.00938995829087e-07
0.888889 89.666667 150000.000000 -3.0093900295799e-07
1.000000 89.666667 150000.000000 -3.00939014536519e-07
0.000000 89.777778 150000.000000 -3.00935543783432e-07
0.111111 89.777778 150000.000000 -3.00935544417376e-07
0.222222 89.777778 150000.000000 -3.0093553715027e-07
0.333333 89.777778 150000.000000 -3.00935532292038e-07
0.444444 89.777778 150000.000000 -3.00935541380564e-07
0.555556 89.777778 150000.000000 -3.00935541380501e-07
0.666667 89.777778 150000.000000 -3.0093553229197e-07
0.777778 89.777778 150000.000000 -3.00935537150338e-07
0.888889 89.777778 150000.000000 -3.00935544417284e-07
1.000000 89.777778 150000.000000 -3.00935543783415e-07
0.000000 89.888889 150000.000000 -3.0093330492029e-07
0.111111 89.888889 150000.000000 -3.00933304922715e-07
0.222222 89.888889 150000.000000 -3.00933304928667e-07
0.333333 89.888889 150000.000000 -3.00933305202197e-07
0.444444 89.888889 150000.000000 -3.00933303280542e-07
0.555556 89.888889 150000.000000 -3.00933303280509e-07
0.666667 89.888889 150000.000000 -3.00933305202286e-07
0.777778 89.888889 150000.000000 -3.00933304928727e-07
0.888889 89.888889 150000.000000 -3.00933304922841e-07
1.000000 89.888889 150000.000000 -3.00933304920293e-07
0.000000 90.000000 150000.000000 -3.00933107120838e-07
0.111111 90.000000 150000.000000 -3.00933107120838e-07
0.222222 90.000000 150000.000000 -3.00933107120838e-07
0.333333 90.000000 150000.000000 -3.00933107120838e-07
0.444444 90.000000 150000.000000 -3.00933107120838e-07
0.555556 90.000000 150000.000000 -3.00933107120838e-07
0.666667 90.000000 150000.000000 -3.00933107120838e-07
0.777778 90.000000 150000.000000 -3.00933107120838e-07
0.888889 90.000000 150000.000000 -3.00933107120838e-07
1.000000 90.000000 150000.000000 -3.00933107120838e-07
