# gzzz component calculated with tessgzzz 2017:
#   local time: Sun Mar 11 02:54:36 2018
#   model file: tesseroid_vs_spherical_shell_files/model-size1.0.tess (64800 tesseroids)
#   GLQ order: 2 lon / 2 lat / 2 r
#   Use recursive division of tesseroids: True
#   Distance-size ratio for recusive division: 35
0.000000 89.000000 6000.000000 -3.28616622556907e-07
0.111111 89.000000 6000.000000 -3.28615632216989e-07
0.222222 89.000000 6000.000000 -3.28616169911073e-07
0.333333 89.000000 6000.000000 -3.28617456447023e-07
0.444444 89.000000 6000.000000 -3.28616277546224e-07
0.555556 89.000000 6000.000000 -3.28616276653297e-07
0.666667 89.000000 6000.000000 -3.28617456612769e-07
0.777778 89.000000 6000.000000 -3.28616170128838e-07
0.888889 89.000000 6000.000000 -3.28615633465681e-07
1.000000 89.000000 6000.000000 -3.28616622683892e-07
0.000000 89.111111 6000.000000 -3.28660810971777e-07
0.111111 89.111111 6000.000000 -3.28660262026749e-07
0.222222 89.111111 6000.000000 -3.2866330921574e-07
0.333333 89.111111 6000.000000 -3.28662299223559e-07
0.444444 89.111111 6000.000000 -3.28661594191738e-07
0.555556 89.111111 6000.000000 -3.28661594008536e-07
0.666667 89.111111 6000.000000 -3.28662299355859e-07
0.777778 89.111111 6000.000000 -3.28663309055308e-07
0.888889 89.111111 6000.000000 -3.28660261834688e-07
1.000000 89.111111 6000.000000 -3.28660810811271e-07
0.000000 89.222222 6000.000000 -3.28718992387352e-07
0.111111 89.222222 6000.000000 -3.28722717783326e-07
0.222222 89.222222 6000.000000 -3.28726056333821e-07
0.333333 89.222222 6000.000000 -3.28724838616e-07
0.444444 89.222222 6000.000000 -3.28722894739631e-07
0.555556 89.222222 6000.000000 -3.2872289496156e-07
0.666667 89.222222 6000.000000 -3.28724837655209e-07
0.777778 89.222222 6000.000000 -3.28726056632087e-07
0.888889 89.222222 6000.000000 -3.28722717608176e-07
1.000000 89.222222 6000.000000 -3.28718992272829e-07
0.000000 89.333333 6000.000000 -3.29020970974113e-07
0.111111 89.333333 6000.000000 -3.29020979929285e-07
0.222222 89.333333 6000.000000 -3.29019959767773e-07
0.333333 89.333333 6000.000000 -3.29016778476167e-07
0.444444 89.333333 6000.000000 -3.29019607869454e-07
0.555556 89.333333 6000.000000 -3.29019607868619e-07
0.666667 89.333333 6000.000000 -3.29016778589309e-07
0.777778 89.333333 6000.000000 -3.29019959866973e-07
0.888889 89.333333 6000.000000 -3.29020979444107e-07
1.000000 89.333333 6000.000000 -3.290209709519e-07
0.000000 89.444444 6000.000000 -3.28713812592124e-07
0.111111 89.444444 6000.000000 -3.28709985813082e-07
0.222222 89.444444 6000.000000 -3.28711114131536e-07
0.333333 89.444444 6000.000000 -3.28709538988478e-07
0.444444 89.444444 6000.000000 -3.28708661544055e-07
0.555556 89.444444 6000.000000 -3.28708661060826e-07
0.666667 89.444444 6000.000000 -3.28709539404408e-07
0.777778 89.444444 6000.000000 -3.28711113995966e-07
0.888889 89.444444 6000.000000 -3.28709985725854e-07
1.000000 89.444444 6000.000000 -3.28713812651995e-07
0.000000 89.555556 6000.000000 -3.2861259411239e-07
0.111111 89.555556 6000.000000 -3.28614041176805e-07
0.222222 89.555556 6000.000000 -3.28612918204734e-07
0.333333 89.555556 6000.000000 -3.28611762703217e-07
0.444444 89.555556 6000.000000 -3.28612458353711e-07
0.555556 89.555556 6000.000000 -3.28612458150433e-07
0.666667 89.555556 6000.000000 -3.28611763515478e-07
0.777778 89.555556 6000.000000 -3.28612917185351e-07
0.888889 89.555556 6000.000000 -3.28614039562617e-07
1.000000 89.555556 6000.000000 -3.28612594089952e-07
0.000000 89.666667 6000.000000 -3.29015301062791e-07
0.111111 89.666667 6000.000000 -3.2901190902191e-07
0.222222 89.666667 6000.000000 -3.29011709990081e-07
0.333333 89.666667 6000.000000 -3.29009898271421e-07
0.444444 89.666667 6000.000000 -3.29008011957217e-07
0.555556 89.666667 6000.000000 -3.29008011965328e-07
0.666667 89.666667 6000.000000 -3.29009898266114e-07
0.777778 89.666667 6000.000000 -3.29011710016145e-07
0.888889 89.666667 6000.000000 -3.29011909000278e-07
1.000000 89.666667 6000.000000 -3.29015301071796e-07
0.000000 89.777778 6000.000000 -3.28591674489595e-07
0.111111 89.777778 6000.000000 -3.28594893524463e-07
0.222222 89.777778 6000.000000 -3.28593835508978e-07
0.333333 89.777778 6000.000000 -3.28594932468528e-07
0.444444 89.777778 6000.000000 -3.28592605601916e-07
0.555556 89.777778 6000.000000 -3.28592605562908e-07
0.666667 89.777778 6000.000000 -3.28594932624621e-07
0.777778 89.777778 6000.000000 -3.28593835260266e-07
0.888889 89.777778 6000.000000 -3.2859489336416e-07
1.000000 89.777778 6000.000000 -3.28591674476942e-07
0.000000 89.888889 6000.000000 -3.28582732731688e-07
0.111111 89.888889 6000.000000 -3.28581911028996e-07
0.222222 89.888889 6000.000000 -3.28579886383359e-07
0.333333 89.888889 6000.000000 -3.28574717033619e-07
0.444444 89.888889 6000.000000 -3.28570035811047e-07
0.555556 89.888889 6000.000000 -3.2857003575275e-07
0.666667 89.888889 6000.000000 -3.28574717059834e-07
0.777778 89.888889 6000.000000 -3.28579886559685e-07
0.888889 89.888889 6000.000000 -3.28581910941107e-07
1.000000 89.888889 6000.000000 -3.28582732878344e-07
0.000000 90.000000 6000.000000 -3.28400278911199e-07
0.111111 90.000000 6000.000000 -3.28400278911199e-07
0.222222 90.000000 6000.000000 -3.28400278911199e-07
0.333333 90.000000 6000.000000 -3.28400278911199e-07
0.444444 90.000000 6000.000000 -3.28400278911199e-07
0.555556 90.000000 6000.000000 -3.28400278911199e-07
0.666667 90.000000 6000.000000 -3.28400278911199e-07
0.777778 90.000000 6000.000000 -3.28400278911199e-07
0.888889 90.000000 6000.000000 -3.28400278911199e-07
1.000000 90.000000 6000.000000 -3.28400278911199e-07
