# gzzz component calculated with tessgzzz 2017:
#   local time: Sun Mar 11 03:12:21 2018
#   model file: tesseroid_vs_spherical_shell_files/model-size1.0.tess (64800 tesseroids)
#   GLQ order: 2 lon / 2 lat / 2 r
#   Use recursive division of tesseroids: True
#   Distance-size ratio for recusive division: 30
0.000000 89.000000 50000.000000 -3.20121546246073e-07
0.111111 89.000000 50000.000000 -3.20121527766332e-07
0.222222 89.000000 50000.000000 -3.20121655423225e-07
0.333333 89.000000 50000.000000 -3.20121663140286e-07
0.444444 89.000000 50000.000000 -3.2012160695759e-07
0.555556 89.000000 50000.000000 -3.20121606957408e-07
0.666667 89.000000 50000.000000 -3.20121663139643e-07
0.777778 89.000000 50000.000000 -3.20121655421564e-07
0.888889 89.000000 50000.000000 -3.20121527765811e-07
1.000000 89.000000 50000.000000 -3.20121546246258e-07
0.000000 89.111111 50000.000000 -3.20125381155151e-07
0.111111 89.111111 50000.000000 -3.20125314081526e-07
0.222222 89.111111 50000.000000 -3.20125427852908e-07
0.333333 89.111111 50000.000000 -3.20125355943998e-07
0.444444 89.111111 50000.000000 -3.20125318447909e-07
0.555556 89.111111 50000.000000 -3.20125318446172e-07
0.666667 89.111111 50000.000000 -3.20125355944424e-07
0.777778 89.111111 50000.000000 -3.2012542785284e-07
0.888889 89.111111 50000.000000 -3.20125314080228e-07
1.000000 89.111111 50000.000000 -3.20125381155218e-07
0.000000 89.222222 50000.000000 -3.20126382269407e-07
0.111111 89.222222 50000.000000 -3.20126159567007e-07
0.222222 89.222222 50000.000000 -3.20126135919908e-07
0.333333 89.222222 50000.000000 -3.20126170550911e-07
0.444444 89.222222 50000.000000 -3.20126194708581e-07
0.555556 89.222222 50000.000000 -3.20126194708269e-07
0.666667 89.222222 50000.000000 -3.20126170550034e-07
0.777778 89.222222 50000.000000 -3.20126135919799e-07
0.888889 89.222222 50000.000000 -3.20126159566117e-07
1.000000 89.222222 50000.000000 -3.20126382269471e-07
0.000000 89.333333 50000.000000 -3.20122527643328e-07
0.111111 89.333333 50000.000000 -3.20122548453275e-07
0.222222 89.333333 50000.000000 -3.20122566308175e-07
0.333333 89.333333 50000.000000 -3.20122499146907e-07
0.444444 89.333333 50000.000000 -3.20122488238955e-07
0.555556 89.333333 50000.000000 -3.20122488238971e-07
0.666667 89.333333 50000.000000 -3.20122499145372e-07
0.777778 89.333333 50000.000000 -3.20122566307825e-07
0.888889 89.333333 50000.000000 -3.20122548452334e-07
1.000000 89.333333 50000.000000 -3.20122527643281e-07
0.000000 89.444444 50000.000000 -3.20122759571186e-07
0.111111 89.444444 50000.000000 -3.20122764058299e-07
0.222222 89.444444 50000.000000 -3.20122763452143e-07
0.333333 89.444444 50000.000000 -3.20122775493325e-07
0.444444 89.444444 50000.000000 -3.20122773229691e-07
0.555556 89.444444 50000.000000 -3.20122773228524e-07
0.666667 89.444444 50000.000000 -3.20122775492699e-07
0.777778 89.444444 50000.000000 -3.20122763452718e-07
0.888889 89.444444 50000.000000 -3.20122764058643e-07
1.000000 89.444444 50000.000000 -3.20122759570943e-07
0.000000 89.555556 50000.000000 -3.20123700021767e-07
0.111111 89.555556 50000.000000 -3.20123751372526e-07
0.222222 89.555556 50000.000000 -3.20123741305968e-07
0.333333 89.555556 50000.000000 -3.20123763379533e-07
0.444444 89.555556 50000.000000 -3.20123786633911e-07
0.555556 89.555556 50000.000000 -3.20123786632285e-07
0.666667 89.555556 50000.000000 -3.20123763378595e-07
0.777778 89.555556 50000.000000 -3.20123741305937e-07
0.888889 89.555556 50000.000000 -3.20123751373678e-07
1.000000 89.555556 50000.000000 -3.20123700021909e-07
0.000000 89.666667 50000.000000 -3.20125564385424e-07
0.111111 89.666667 50000.000000 -3.20125540644382e-07
0.222222 89.666667 50000.000000 -3.20125564489024e-07
0.333333 89.666667 50000.000000 -3.20125541079046e-07
0.444444 89.666667 50000.000000 -3.20125556859512e-07
0.555556 89.666667 50000.000000 -3.20125556859548e-07
0.666667 89.666667 50000.000000 -3.20125541077658e-07
0.777778 89.666667 50000.000000 -3.20125564488778e-07
0.888889 89.666667 50000.000000 -3.20125540643878e-07
1.000000 89.666667 50000.000000 -3.20125564385686e-07
0.000000 89.777778 50000.000000 -3.201237615485e-07
0.111111 89.777778 50000.000000 -3.20123762237237e-07
0.222222 89.777778 50000.000000 -3.20123767127337e-07
0.333333 89.777778 50000.000000 -3.20123769562394e-07
0.444444 89.777778 50000.000000 -3.20123702936197e-07
0.555556 89.777778 50000.000000 -3.20123702936011e-07
0.666667 89.777778 50000.000000 -3.20123769563198e-07
0.777778 89.777778 50000.000000 -3.20123767128385e-07
0.888889 89.777778 50000.000000 -3.20123762236747e-07
1.000000 89.777778 50000.000000 -3.2012376154854e-07
0.000000 89.888889 50000.000000 -3.20120688115277e-07
0.111111 89.888889 50000.000000 -3.20120652442485e-07
0.222222 89.888889 50000.000000 -3.20120649083789e-07
0.333333 89.888889 50000.000000 -3.201206099517e-07
0.444444 89.888889 50000.000000 -3.20120636864786e-07
0.555556 89.888889 50000.000000 -3.20120636864001e-07
0.666667 89.888889 50000.000000 -3.20120609950927e-07
0.777778 89.888889 50000.000000 -3.20120649083169e-07
0.888889 89.888889 50000.000000 -3.20120652442807e-07
1.000000 89.888889 50000.000000 -3.20120688115237e-07
0.000000 90.000000 50000.000000 -3.20124707928675e-07
0.111111 90.000000 50000.000000 -3.20124707928675e-07
0.222222 90.000000 50000.000000 -3.20124707928675e-07
0.333333 90.000000 50000.000000 -3.20124707928675e-07
0.444444 90.000000 50000.000000 -3.20124707928675e-07
0.555556 90.000000 50000.000000 -3.20124707928675e-07
0.666667 90.000000 50000.000000 -3.20124707928675e-07
0.777778 90.000000 50000.000000 -3.20124707928675e-07
0.888889 90.000000 50000.000000 -3.20124707928675e-07
1.000000 90.000000 50000.000000 -3.20124707928675e-07
