# gzzz component calculated with tessgzzz 2017:
#   local time: Sun Mar 11 03:01:25 2018
#   model file: tesseroid_vs_spherical_shell_files/model-size1.0.tess (64800 tesseroids)
#   GLQ order: 2 lon / 2 lat / 2 r
#   Use recursive division of tesseroids: True
#   Distance-size ratio for recusive division: 32.5
0.000000 89.000000 8000.000000 -3.29146513634502e-07
0.111111 89.000000 8000.000000 -3.29148845125279e-07
0.222222 89.000000 8000.000000 -3.29150491443866e-07
0.333333 89.000000 8000.000000 -3.29148375651e-07
0.444444 89.000000 8000.000000 -3.29146152416627e-07
0.555556 89.000000 8000.000000 -3.29146152261556e-07
0.666667 89.000000 8000.000000 -3.2914837555834e-07
0.777778 89.000000 8000.000000 -3.29150491200552e-07
0.888889 89.000000 8000.000000 -3.29148845129578e-07
1.000000 89.000000 8000.000000 -3.29146513611792e-07
0.000000 89.111111 8000.000000 -3.28928308595483e-07
0.111111 89.111111 8000.000000 -3.28928490762041e-07
0.222222 89.111111 8000.000000 -3.28925666735082e-07
0.333333 89.111111 8000.000000 -3.28927604903805e-07
0.444444 89.111111 8000.000000 -3.28930393486093e-07
0.555556 89.111111 8000.000000 -3.28930393502128e-07
0.666667 89.111111 8000.000000 -3.28927604856253e-07
0.777778 89.111111 8000.000000 -3.28925666660669e-07
0.888889 89.111111 8000.000000 -3.28928494353859e-07
1.000000 89.111111 8000.000000 -3.28928308583361e-07
0.000000 89.222222 8000.000000 -3.28898958719268e-07
0.111111 89.222222 8000.000000 -3.28897505271508e-07
0.222222 89.222222 8000.000000 -3.28898480565558e-07
0.333333 89.222222 8000.000000 -3.28896905041924e-07
0.444444 89.222222 8000.000000 -3.28901748827309e-07
0.555556 89.222222 8000.000000 -3.28901748739145e-07
0.666667 89.222222 8000.000000 -3.28896904986235e-07
0.777778 89.222222 8000.000000 -3.28898480586042e-07
0.888889 89.222222 8000.000000 -3.28897505162269e-07
1.000000 89.222222 8000.000000 -3.28898958735592e-07
0.000000 89.333333 8000.000000 -3.28785052103472e-07
0.111111 89.333333 8000.000000 -3.28788661068513e-07
0.222222 89.333333 8000.000000 -3.28787303780303e-07
0.333333 89.333333 8000.000000 -3.28786821620169e-07
0.444444 89.333333 8000.000000 -3.28786025818039e-07
0.555556 89.333333 8000.000000 -3.28786025946613e-07
0.666667 89.333333 8000.000000 -3.28786821495351e-07
0.777778 89.333333 8000.000000 -3.2878730376477e-07
0.888889 89.333333 8000.000000 -3.28788661189462e-07
1.000000 89.333333 8000.000000 -3.28785052094768e-07
0.000000 89.444444 8000.000000 -3.28783360702147e-07
0.111111 89.444444 8000.000000 -3.28786848209665e-07
0.222222 89.444444 8000.000000 -3.28788520156968e-07
0.333333 89.444444 8000.000000 -3.28783838960143e-07
0.444444 89.444444 8000.000000 -3.28786481793303e-07
0.555556 89.444444 8000.000000 -3.28786481953057e-07
0.666667 89.444444 8000.000000 -3.28783838913447e-07
0.777778 89.444444 8000.000000 -3.28788520129756e-07
0.888889 89.444444 8000.000000 -3.28786848317567e-07
1.000000 89.444444 8000.000000 -3.28783360636607e-07
0.000000 89.555556 8000.000000 -3.28798602194043e-07
0.111111 89.555556 8000.000000 -3.28801856395217e-07
0.222222 89.555556 8000.000000 -3.28799136465065e-07
0.333333 89.555556 8000.000000 -3.2879942818449e-07
0.444444 89.555556 8000.000000 -3.28799077204076e-07
0.555556 89.555556 8000.000000 -3.2879907724556e-07
0.666667 89.555556 8000.000000 -3.2879942772868e-07
0.777778 89.555556 8000.000000 -3.28799136527697e-07
0.888889 89.555556 8000.000000 -3.28801856328981e-07
1.000000 89.555556 8000.000000 -3.28798602157371e-07
0.000000 89.666667 8000.000000 -3.2876924767476e-07
0.111111 89.666667 8000.000000 -3.28771122468347e-07
0.222222 89.666667 8000.000000 -3.28770235300475e-07
0.333333 89.666667 8000.000000 -3.28772650479984e-07
0.444444 89.666667 8000.000000 -3.28771580049784e-07
0.555556 89.666667 8000.000000 -3.28771580148665e-07
0.666667 89.666667 8000.000000 -3.28772650492593e-07
0.777778 89.666667 8000.000000 -3.2877023526192e-07
0.888889 89.666667 8000.000000 -3.2877112246781e-07
1.000000 89.666667 8000.000000 -3.28769247693129e-07
0.000000 89.777778 8000.000000 -3.28972670679489e-07
0.111111 89.777778 8000.000000 -3.28973146504076e-07
0.222222 89.777778 8000.000000 -3.2897456538434e-07
0.333333 89.777778 8000.000000 -3.28978812067223e-07
0.444444 89.777778 8000.000000 -3.28970843958211e-07
0.555556 89.777778 8000.000000 -3.28970843880562e-07
0.666667 89.777778 8000.000000 -3.28978812060767e-07
0.777778 89.777778 8000.000000 -3.28974565183028e-07
0.888889 89.777778 8000.000000 -3.28973146465013e-07
1.000000 89.777778 8000.000000 -3.28972670691705e-07
0.000000 89.888889 8000.000000 -3.29008471704097e-07
0.111111 89.888889 8000.000000 -3.29005566530363e-07
0.222222 89.888889 8000.000000 -3.29006818391405e-07
0.333333 89.888889 8000.000000 -3.29002060783252e-07
0.444444 89.888889 8000.000000 -3.29005137047595e-07
0.555556 89.888889 8000.000000 -3.29005136875758e-07
0.666667 89.888889 8000.000000 -3.29002060795659e-07
0.777778 89.888889 8000.000000 -3.29006818349039e-07
0.888889 89.888889 8000.000000 -3.29005566498845e-07
1.000000 89.888889 8000.000000 -3.29008471795437e-07
0.000000 90.000000 8000.000000 -3.28193904647642e-07
0.111111 90.000000 8000.000000 -3.28193904647642e-07
0.222222 90.000000 8000.000000 -3.28193904647642e-07
0.333333 90.000000 8000.000000 -3.28193904647642e-07
0.444444 90.000000 8000.000000 -3.28193904647642e-07
0.555556 90.000000 8000.000000 -3.28193904647642e-07
0.666667 90.000000 8000.000000 -3.28193904647642e-07
0.777778 90.000000 8000.000000 -3.28193904647642e-07
0.888889 90.000000 8000.000000 -3.28193904647642e-07
1.000000 90.000000 8000.000000 -3.28193904647642e-07
