# gzzz component calculated with tessgzzz 2017:
#   local time: Sun Mar 11 02:53:07 2018
#   model file: tesseroid_vs_spherical_shell_files/model-size1.0.tess (64800 tesseroids)
#   GLQ order: 2 lon / 2 lat / 2 r
#   Use recursive division of tesseroids: True
#   Distance-size ratio for recusive division: 22.5
0.000000 89.000000 6000.000000 -3.31481750856469e-07
0.111111 89.000000 6000.000000 -3.31494150029577e-07
0.222222 89.000000 6000.000000 -3.31460914264215e-07
0.333333 89.000000 6000.000000 -3.31460194756026e-07
0.444444 89.000000 6000.000000 -3.31480417710498e-07
0.555556 89.000000 6000.000000 -3.31480417781758e-07
0.666667 89.000000 6000.000000 -3.31460194765648e-07
0.777778 89.000000 6000.000000 -3.31460914008472e-07
0.888889 89.000000 6000.000000 -3.31494150047735e-07
1.000000 89.000000 6000.000000 -3.31481750884457e-07
0.000000 89.111111 6000.000000 -3.30513471676292e-07
0.111111 89.111111 6000.000000 -3.30528964115163e-07
0.222222 89.111111 6000.000000 -3.30618959186656e-07
0.333333 89.111111 6000.000000 -3.3058975859753e-07
0.444444 89.111111 6000.000000 -3.30626566486515e-07
0.555556 89.111111 6000.000000 -3.3062656649206e-07
0.666667 89.111111 6000.000000 -3.30589758541209e-07
0.777778 89.111111 6000.000000 -3.30618959182461e-07
0.888889 89.111111 6000.000000 -3.30528982388625e-07
1.000000 89.111111 6000.000000 -3.30513471669839e-07
0.000000 89.222222 6000.000000 -3.29325083812669e-07
0.111111 89.222222 6000.000000 -3.29375926361997e-07
0.222222 89.222222 6000.000000 -3.29372824443064e-07
0.333333 89.222222 6000.000000 -3.29397286369502e-07
0.444444 89.222222 6000.000000 -3.29360583222483e-07
0.555556 89.222222 6000.000000 -3.29360583542884e-07
0.666667 89.222222 6000.000000 -3.29397286730042e-07
0.777778 89.222222 6000.000000 -3.29372824526273e-07
0.888889 89.222222 6000.000000 -3.29375926551287e-07
1.000000 89.222222 6000.000000 -3.29325083630894e-07
0.000000 89.333333 6000.000000 -3.29558364944466e-07
0.111111 89.333333 6000.000000 -3.29557321811869e-07
0.222222 89.333333 6000.000000 -3.29515687525464e-07
0.333333 89.333333 6000.000000 -3.29539035070453e-07
0.444444 89.333333 6000.000000 -3.29534315977324e-07
0.555556 89.333333 6000.000000 -3.29534316128323e-07
0.666667 89.333333 6000.000000 -3.29539035053366e-07
0.777778 89.333333 6000.000000 -3.29515687477511e-07
0.888889 89.333333 6000.000000 -3.29557321666719e-07
1.000000 89.333333 6000.000000 -3.29558364921828e-07
0.000000 89.444444 6000.000000 -3.30844855703494e-07
0.111111 89.444444 6000.000000 -3.30887925885535e-07
0.222222 89.444444 6000.000000 -3.30818247367938e-07
0.333333 89.444444 6000.000000 -3.3088684153801e-07
0.444444 89.444444 6000.000000 -3.30938497358355e-07
0.555556 89.444444 6000.000000 -3.30938497315097e-07
0.666667 89.444444 6000.000000 -3.30886841610914e-07
0.777778 89.444444 6000.000000 -3.30818247370041e-07
0.888889 89.444444 6000.000000 -3.3088792588091e-07
1.000000 89.444444 6000.000000 -3.30844855838757e-07
0.000000 89.555556 6000.000000 -3.29806416582118e-07
0.111111 89.555556 6000.000000 -3.29729728405085e-07
0.222222 89.555556 6000.000000 -3.29616116673381e-07
0.333333 89.555556 6000.000000 -3.29701513859735e-07
0.444444 89.555556 6000.000000 -3.29692904883583e-07
0.555556 89.555556 6000.000000 -3.29692904929263e-07
0.666667 89.555556 6000.000000 -3.29701513317468e-07
0.777778 89.555556 6000.000000 -3.2961611664527e-07
0.888889 89.555556 6000.000000 -3.29729728079234e-07
1.000000 89.555556 6000.000000 -3.29806416657956e-07
0.000000 89.666667 6000.000000 -3.29510322788225e-07
0.111111 89.666667 6000.000000 -3.29448579369052e-07
0.222222 89.666667 6000.000000 -3.29500025620447e-07
0.333333 89.666667 6000.000000 -3.29466885586318e-07
0.444444 89.666667 6000.000000 -3.29492808180754e-07
0.555556 89.666667 6000.000000 -3.29492808178978e-07
0.666667 89.666667 6000.000000 -3.29466885656577e-07
0.777778 89.666667 6000.000000 -3.29500025604436e-07
0.888889 89.666667 6000.000000 -3.29448579408962e-07
1.000000 89.666667 6000.000000 -3.29510322669976e-07
0.000000 89.777778 6000.000000 -3.29717399254135e-07
0.111111 89.777778 6000.000000 -3.29764663059025e-07
0.222222 89.777778 6000.000000 -3.29769634910376e-07
0.333333 89.777778 6000.000000 -3.29771130163196e-07
0.444444 89.777778 6000.000000 -3.29698831495912e-07
0.555556 89.777778 6000.000000 -3.29698831459344e-07
0.666667 89.777778 6000.000000 -3.29771130189614e-07
0.777778 89.777778 6000.000000 -3.29769634741254e-07
0.888889 89.777778 6000.000000 -3.29764663019388e-07
1.000000 89.777778 6000.000000 -3.29717399118206e-07
0.000000 89.888889 6000.000000 -3.30701989305789e-07
0.111111 89.888889 6000.000000 -3.30689655979168e-07
0.222222 89.888889 6000.000000 -3.3069106817933e-07
0.333333 89.888889 6000.000000 -3.30730400988108e-07
0.444444 89.888889 6000.000000 -3.30737160550281e-07
0.555556 89.888889 6000.000000 -3.30737160525645e-07
0.666667 89.888889 6000.000000 -3.30730401077071e-07
0.777778 89.888889 6000.000000 -3.30691068189913e-07
0.888889 89.888889 6000.000000 -3.30689655993168e-07
1.000000 89.888889 6000.000000 -3.30701989263321e-07
0.000000 90.000000 6000.000000 -3.25437104183432e-07
0.111111 90.000000 6000.000000 -3.25437104183432e-07
0.222222 90.000000 6000.000000 -3.25437104183432e-07
0.333333 90.000000 6000.000000 -3.25437104183432e-07
0.444444 90.000000 6000.000000 -3.25437104183432e-07
0.555556 90.000000 6000.000000 -3.25437104183432e-07
0.666667 90.000000 6000.000000 -3.25437104183432e-07
0.777778 90.000000 6000.000000 -3.25437104183432e-07
0.888889 90.000000 6000.000000 -3.25437104183432e-07
1.000000 90.000000 6000.000000 -3.25437104183432e-07
