# gzzz component calculated with tessgzzz 2017:
#   local time: Sun Mar 11 03:06:06 2018
#   model file: tesseroid_vs_spherical_shell_files/model-size1.0.tess (64800 tesseroids)
#   GLQ order: 2 lon / 2 lat / 2 r
#   Use recursive division of tesseroids: True
#   Distance-size ratio for recusive division: 12.5
0.000000 89.000000 10000.000000 -3.22657965730065e-07
0.111111 89.000000 10000.000000 -3.2267905259758e-07
0.222222 89.000000 10000.000000 -3.22525404832512e-07
0.333333 89.000000 10000.000000 -3.22543328063474e-07
0.444444 89.000000 10000.000000 -3.22854917725987e-07
0.555556 89.000000 10000.000000 -3.22854917748866e-07
0.666667 89.000000 10000.000000 -3.22543328092895e-07
0.777778 89.000000 10000.000000 -3.22525404878693e-07
0.888889 89.000000 10000.000000 -3.22679052569152e-07
1.000000 89.000000 10000.000000 -3.22657965739926e-07
0.000000 89.111111 10000.000000 -3.31165943575875e-07
0.111111 89.111111 10000.000000 -3.3069103632941e-07
0.222222 89.111111 10000.000000 -3.29991218530315e-07
0.333333 89.111111 10000.000000 -3.2994702144454e-07
0.444444 89.111111 10000.000000 -3.29929302575521e-07
0.555556 89.111111 10000.000000 -3.29929302590696e-07
0.666667 89.111111 10000.000000 -3.2994702145473e-07
0.777778 89.111111 10000.000000 -3.29991218572073e-07
0.888889 89.111111 10000.000000 -3.30691036321899e-07
1.000000 89.111111 10000.000000 -3.31165943577357e-07
0.000000 89.222222 10000.000000 -3.29739736205948e-07
0.111111 89.222222 10000.000000 -3.29850667532467e-07
0.222222 89.222222 10000.000000 -3.30022676251876e-07
0.333333 89.222222 10000.000000 -3.30127709621039e-07
0.444444 89.222222 10000.000000 -3.30237164087404e-07
0.555556 89.222222 10000.000000 -3.30237164086822e-07
0.666667 89.222222 10000.000000 -3.30127707084489e-07
0.777778 89.222222 10000.000000 -3.30022676255782e-07
0.888889 89.222222 10000.000000 -3.298506675298e-07
1.000000 89.222222 10000.000000 -3.29739736210894e-07
0.000000 89.333333 10000.000000 -3.23202107624432e-07
0.111111 89.333333 10000.000000 -3.23231634322863e-07
0.222222 89.333333 10000.000000 -3.23628332679496e-07
0.333333 89.333333 10000.000000 -3.23687730309911e-07
0.444444 89.333333 10000.000000 -3.23935793350988e-07
0.555556 89.333333 10000.000000 -3.2393579337401e-07
0.666667 89.333333 10000.000000 -3.23687730327924e-07
0.777778 89.333333 10000.000000 -3.23628332722839e-07
0.888889 89.333333 10000.000000 -3.23231634321785e-07
1.000000 89.333333 10000.000000 -3.23202107626132e-07
0.000000 89.444444 10000.000000 -3.2280214601748e-07
0.111111 89.444444 10000.000000 -3.22719585558617e-07
0.222222 89.444444 10000.000000 -3.22694967601032e-07
0.333333 89.444444 10000.000000 -3.22692505499206e-07
0.444444 89.444444 10000.000000 -3.23095594305223e-07
0.555556 89.444444 10000.000000 -3.2309559433478e-07
0.666667 89.444444 10000.000000 -3.22692505505887e-07
0.777778 89.444444 10000.000000 -3.22694967611082e-07
0.888889 89.444444 10000.000000 -3.22719585687183e-07
1.000000 89.444444 10000.000000 -3.22802146003757e-07
0.000000 89.555556 10000.000000 -3.26663233958906e-07
0.111111 89.555556 10000.000000 -3.2679167113277e-07
0.222222 89.555556 10000.000000 -3.26815256828279e-07
0.333333 89.555556 10000.000000 -3.27015495468188e-07
0.444444 89.555556 10000.000000 -3.27907661363462e-07
0.555556 89.555556 10000.000000 -3.27907661402327e-07
0.666667 89.555556 10000.000000 -3.27015495472084e-07
0.777778 89.555556 10000.000000 -3.26815256828156e-07
0.888889 89.555556 10000.000000 -3.26791671133897e-07
1.000000 89.555556 10000.000000 -3.266632339633e-07
0.000000 89.666667 10000.000000 -3.2521933342417e-07
0.111111 89.666667 10000.000000 -3.25249043844096e-07
0.222222 89.666667 10000.000000 -3.25227589519801e-07
0.333333 89.666667 10000.000000 -3.25315528790242e-07
0.444444 89.666667 10000.000000 -3.25219123035428e-07
0.555556 89.666667 10000.000000 -3.25219123032302e-07
0.666667 89.666667 10000.000000 -3.25315528802092e-07
0.777778 89.666667 10000.000000 -3.25227589515054e-07
0.888889 89.666667 10000.000000 -3.25249044356128e-07
1.000000 89.666667 10000.000000 -3.25219333426307e-07
0.000000 89.777778 10000.000000 -3.26203225454334e-07
0.111111 89.777778 10000.000000 -3.26248069124253e-07
0.222222 89.777778 10000.000000 -3.26280046108069e-07
0.333333 89.777778 10000.000000 -3.26356755700265e-07
0.444444 89.777778 10000.000000 -3.26318200443081e-07
0.555556 89.777778 10000.000000 -3.26318200429618e-07
0.666667 89.777778 10000.000000 -3.26356755710076e-07
0.777778 89.777778 10000.000000 -3.26280046120964e-07
0.888889 89.777778 10000.000000 -3.26248068709138e-07
1.000000 89.777778 10000.000000 -3.2620322544606e-07
0.000000 89.888889 10000.000000 -3.26131842100346e-07
0.111111 89.888889 10000.000000 -3.26108731882408e-07
0.222222 89.888889 10000.000000 -3.26181623174289e-07
0.333333 89.888889 10000.000000 -3.26167433448826e-07
0.444444 89.888889 10000.000000 -3.26182410232437e-07
0.555556 89.888889 10000.000000 -3.26182410239024e-07
0.666667 89.888889 10000.000000 -3.26167433450705e-07
0.777778 89.888889 10000.000000 -3.2618162317436e-07
0.888889 89.888889 10000.000000 -3.26108731885172e-07
1.000000 89.888889 10000.000000 -3.26131842098645e-07
0.000000 90.000000 10000.000000 -3.35683326766825e-07
0.111111 90.000000 10000.000000 -3.35683326766825e-07
0.222222 90.000000 10000.000000 -3.35683326766825e-07
0.333333 90.000000 10000.000000 -3.35683326766825e-07
0.444444 90.000000 10000.000000 -3.35683326766825e-07
0.555556 90.000000 10000.000000 -3.35683326766825e-07
0.666667 90.000000 10000.000000 -3.35683326766825e-07
0.777778 90.000000 10000.000000 -3.35683326766825e-07
0.888889 90.000000 10000.000000 -3.35683326766825e-07
1.000000 90.000000 10000.000000 -3.35683326766825e-07
