# gzzz component calculated with tessgzzz 2017:
#   local time: Sun Mar 11 03:04:55 2018
#   model file: tesseroid_vs_spherical_shell_files/model-size1.0.tess (64800 tesseroids)
#   GLQ order: 2 lon / 2 lat / 2 r
#   Use recursive division of tesseroids: True
#   Distance-size ratio for recusive division: 50
0.000000 89.000000 8000.000000 -3.28586509541149e-07
0.111111 89.000000 8000.000000 -3.28586426736611e-07
0.222222 89.000000 8000.000000 -3.28586356572797e-07
0.333333 89.000000 8000.000000 -3.28586280049911e-07
0.444444 89.000000 8000.000000 -3.28586404046228e-07
0.555556 89.000000 8000.000000 -3.28586403596404e-07
0.666667 89.000000 8000.000000 -3.28586280150487e-07
0.777778 89.000000 8000.000000 -3.28586356432351e-07
0.888889 89.000000 8000.000000 -3.28586426988274e-07
1.000000 89.000000 8000.000000 -3.28586509516648e-07
0.000000 89.111111 8000.000000 -3.2858523644998e-07
0.111111 89.111111 8000.000000 -3.28585302944675e-07
0.222222 89.111111 8000.000000 -3.28585250588094e-07
0.333333 89.111111 8000.000000 -3.28585612486246e-07
0.444444 89.111111 8000.000000 -3.28585214030178e-07
0.555556 89.111111 8000.000000 -3.28585214208931e-07
0.666667 89.111111 8000.000000 -3.28585612512171e-07
0.777778 89.111111 8000.000000 -3.28585250310134e-07
0.888889 89.111111 8000.000000 -3.28585302998661e-07
1.000000 89.111111 8000.000000 -3.28585236349943e-07
0.000000 89.222222 8000.000000 -3.28578545803298e-07
0.111111 89.222222 8000.000000 -3.2857850077065e-07
0.222222 89.222222 8000.000000 -3.28578475718357e-07
0.333333 89.222222 8000.000000 -3.2857888395948e-07
0.444444 89.222222 8000.000000 -3.28578951711439e-07
0.555556 89.222222 8000.000000 -3.28578951590942e-07
0.666667 89.222222 8000.000000 -3.28578883719754e-07
0.777778 89.222222 8000.000000 -3.2857847546116e-07
0.888889 89.222222 8000.000000 -3.28578500665854e-07
1.000000 89.222222 8000.000000 -3.28578545806931e-07
0.000000 89.333333 8000.000000 -3.28627001873177e-07
0.111111 89.333333 8000.000000 -3.28626565464799e-07
0.222222 89.333333 8000.000000 -3.28626568880492e-07
0.333333 89.333333 8000.000000 -3.28626547006907e-07
0.444444 89.333333 8000.000000 -3.28626354767935e-07
0.555556 89.333333 8000.000000 -3.28626354943303e-07
0.666667 89.333333 8000.000000 -3.28626546919372e-07
0.777778 89.333333 8000.000000 -3.28626568976089e-07
0.888889 89.333333 8000.000000 -3.28626565294679e-07
1.000000 89.333333 8000.000000 -3.28627001710769e-07
0.000000 89.444444 8000.000000 -3.28586908758827e-07
0.111111 89.444444 8000.000000 -3.28586831748018e-07
0.222222 89.444444 8000.000000 -3.28587144092896e-07
0.333333 89.444444 8000.000000 -3.28586985977044e-07
0.444444 89.444444 8000.000000 -3.28587076380537e-07
0.555556 89.444444 8000.000000 -3.2858707622472e-07
0.666667 89.444444 8000.000000 -3.28586986063935e-07
0.777778 89.444444 8000.000000 -3.2858714398215e-07
0.888889 89.444444 8000.000000 -3.28586831628951e-07
1.000000 89.444444 8000.000000 -3.28586908727416e-07
0.000000 89.555556 8000.000000 -3.28573855205712e-07
0.111111 89.555556 8000.000000 -3.2857420736121e-07
0.222222 89.555556 8000.000000 -3.28573915384096e-07
0.333333 89.555556 8000.000000 -3.2857399989307e-07
0.444444 89.555556 8000.000000 -3.28573847450172e-07
0.555556 89.555556 8000.000000 -3.2857384722331e-07
0.666667 89.555556 8000.000000 -3.28574000075491e-07
0.777778 89.555556 8000.000000 -3.28573915263551e-07
0.888889 89.555556 8000.000000 -3.28574206800349e-07
1.000000 89.555556 8000.000000 -3.28573855035666e-07
0.000000 89.666667 8000.000000 -3.28619787712189e-07
0.111111 89.666667 8000.000000 -3.28618852450031e-07
0.222222 89.666667 8000.000000 -3.28618973072336e-07
0.333333 89.666667 8000.000000 -3.28618865186059e-07
0.444444 89.666667 8000.000000 -3.28618887604975e-07
0.555556 89.666667 8000.000000 -3.28618887688507e-07
0.666667 89.666667 8000.000000 -3.28618865108983e-07
0.777778 89.666667 8000.000000 -3.286189729624e-07
0.888889 89.666667 8000.000000 -3.28618852212222e-07
1.000000 89.666667 8000.000000 -3.28619787595029e-07
0.000000 89.777778 8000.000000 -3.28570766787354e-07
0.111111 89.777778 8000.000000 -3.2857018130218e-07
0.222222 89.777778 8000.000000 -3.2857045802446e-07
0.333333 89.777778 8000.000000 -3.28570306150383e-07
0.444444 89.777778 8000.000000 -3.28570190243552e-07
0.555556 89.777778 8000.000000 -3.28570190123418e-07
0.666667 89.777778 8000.000000 -3.28570306042186e-07
0.777778 89.777778 8000.000000 -3.28570458011002e-07
0.888889 89.777778 8000.000000 -3.28570181176457e-07
1.000000 89.777778 8000.000000 -3.28570766888191e-07
0.000000 89.888889 8000.000000 -3.28587175889548e-07
0.111111 89.888889 8000.000000 -3.2858714895836e-07
0.222222 89.888889 8000.000000 -3.28587177795999e-07
0.333333 89.888889 8000.000000 -3.28587175045979e-07
0.444444 89.888889 8000.000000 -3.28587239515068e-07
0.555556 89.888889 8000.000000 -3.28587239643368e-07
0.666667 89.888889 8000.000000 -3.28587175047966e-07
0.777778 89.888889 8000.000000 -3.28587177969835e-07
0.888889 89.888889 8000.000000 -3.28587149087333e-07
1.000000 89.888889 8000.000000 -3.28587175995371e-07
0.000000 90.000000 8000.000000 -3.28565146553805e-07
0.111111 90.000000 8000.000000 -3.28565146553805e-07
0.222222 90.000000 8000.000000 -3.28565146553805e-07
0.333333 90.000000 8000.000000 -3.28565146553805e-07
0.444444 90.000000 8000.000000 -3.28565146553805e-07
0.555556 90.000000 8000.000000 -3.28565146553805e-07
0.666667 90.000000 8000.000000 -3.28565146553805e-07
0.777778 90.000000 8000.000000 -3.28565146553805e-07
0.888889 90.000000 8000.000000 -3.28565146553805e-07
1.000000 90.000000 8000.000000 -3.28565146553805e-07
