# gzzz component calculated with tessgzzz 2017:
#   local time: Sun Mar 11 03:02:32 2018
#   model file: tesseroid_vs_spherical_shell_files/model-size1.0.tess (64800 tesseroids)
#   GLQ order: 2 lon / 2 lat / 2 r
#   Use recursive division of tesseroids: True
#   Distance-size ratio for recusive division: 40
0.000000 89.000000 8000.000000 -3.28537705784937e-07
0.111111 89.000000 8000.000000 -3.2853816982952e-07
0.222222 89.000000 8000.000000 -3.285381093801e-07
0.333333 89.000000 8000.000000 -3.28538018171854e-07
0.444444 89.000000 8000.000000 -3.28538485555499e-07
0.555556 89.000000 8000.000000 -3.28538485236242e-07
0.666667 89.000000 8000.000000 -3.28538018127665e-07
0.777778 89.000000 8000.000000 -3.28538109370079e-07
0.888889 89.000000 8000.000000 -3.28538170100191e-07
1.000000 89.000000 8000.000000 -3.28537705719346e-07
0.000000 89.111111 8000.000000 -3.28635861714047e-07
0.111111 89.111111 8000.000000 -3.28636381402669e-07
0.222222 89.111111 8000.000000 -3.28636021975467e-07
0.333333 89.111111 8000.000000 -3.28634738517024e-07
0.444444 89.111111 8000.000000 -3.28633614766945e-07
0.555556 89.111111 8000.000000 -3.28633614856616e-07
0.666667 89.111111 8000.000000 -3.28634738388218e-07
0.777778 89.111111 8000.000000 -3.28636021735745e-07
0.888889 89.111111 8000.000000 -3.28636381517533e-07
1.000000 89.111111 8000.000000 -3.28635861749933e-07
0.000000 89.222222 8000.000000 -3.28642393518984e-07
0.111111 89.222222 8000.000000 -3.28643469689571e-07
0.222222 89.222222 8000.000000 -3.28644039693025e-07
0.333333 89.222222 8000.000000 -3.28643828387614e-07
0.444444 89.222222 8000.000000 -3.2864305674047e-07
0.555556 89.222222 8000.000000 -3.28643056582636e-07
0.666667 89.222222 8000.000000 -3.28643828255075e-07
0.777778 89.222222 8000.000000 -3.28644039640341e-07
0.888889 89.222222 8000.000000 -3.28643469620407e-07
1.000000 89.222222 8000.000000 -3.28642393553897e-07
0.000000 89.333333 8000.000000 -3.28593630705271e-07
0.111111 89.333333 8000.000000 -3.28592704049837e-07
0.222222 89.333333 8000.000000 -3.28593114219399e-07
0.333333 89.333333 8000.000000 -3.28592444583422e-07
0.444444 89.333333 8000.000000 -3.28593007563127e-07
0.555556 89.333333 8000.000000 -3.2859300761766e-07
0.666667 89.333333 8000.000000 -3.28592444414886e-07
0.777778 89.333333 8000.000000 -3.28593114206093e-07
0.888889 89.333333 8000.000000 -3.28592703747771e-07
1.000000 89.333333 8000.000000 -3.28593630651711e-07
0.000000 89.444444 8000.000000 -3.28535056062331e-07
0.111111 89.444444 8000.000000 -3.28532370690535e-07
0.222222 89.444444 8000.000000 -3.28535411308625e-07
0.333333 89.444444 8000.000000 -3.28532653113307e-07
0.444444 89.444444 8000.000000 -3.285335469377e-07
0.555556 89.444444 8000.000000 -3.28533547088559e-07
0.666667 89.444444 8000.000000 -3.28532653081032e-07
0.777778 89.444444 8000.000000 -3.28535411285509e-07
0.888889 89.444444 8000.000000 -3.28532370741173e-07
1.000000 89.444444 8000.000000 -3.28535056101277e-07
0.000000 89.555556 8000.000000 -3.28601925462255e-07
0.111111 89.555556 8000.000000 -3.28598191307846e-07
0.222222 89.555556 8000.000000 -3.28600139178106e-07
0.333333 89.555556 8000.000000 -3.28598538808837e-07
0.444444 89.555556 8000.000000 -3.28599724839325e-07
0.555556 89.555556 8000.000000 -3.28599724797117e-07
0.666667 89.555556 8000.000000 -3.28598538725294e-07
0.777778 89.555556 8000.000000 -3.28600139024836e-07
0.888889 89.555556 8000.000000 -3.28598190871053e-07
1.000000 89.555556 8000.000000 -3.28601925433184e-07
0.000000 89.666667 8000.000000 -3.28594381978437e-07
0.111111 89.666667 8000.000000 -3.28594763659861e-07
0.222222 89.666667 8000.000000 -3.28595149160045e-07
0.333333 89.666667 8000.000000 -3.28594380390322e-07
0.444444 89.666667 8000.000000 -3.28594246231821e-07
0.555556 89.666667 8000.000000 -3.28594246333823e-07
0.666667 89.666667 8000.000000 -3.28594380316708e-07
0.777778 89.666667 8000.000000 -3.28595149014314e-07
0.888889 89.666667 8000.000000 -3.28594763556116e-07
1.000000 89.666667 8000.000000 -3.28594382122846e-07
0.000000 89.777778 8000.000000 -3.28551153773462e-07
0.111111 89.777778 8000.000000 -3.28550757493742e-07
0.222222 89.777778 8000.000000 -3.28552621347967e-07
0.333333 89.777778 8000.000000 -3.28552050693797e-07
0.444444 89.777778 8000.000000 -3.28550179502651e-07
0.555556 89.777778 8000.000000 -3.28550179379536e-07
0.666667 89.777778 8000.000000 -3.28552050516205e-07
0.777778 89.777778 8000.000000 -3.28552621099673e-07
0.888889 89.777778 8000.000000 -3.2855075743249e-07
1.000000 89.777778 8000.000000 -3.2855115371596e-07
0.000000 89.888889 8000.000000 -3.28524761721468e-07
0.111111 89.888889 8000.000000 -3.28525036829326e-07
0.222222 89.888889 8000.000000 -3.28524665669183e-07
0.333333 89.888889 8000.000000 -3.28525251957845e-07
0.444444 89.888889 8000.000000 -3.28525253121257e-07
0.555556 89.888889 8000.000000 -3.28525253232808e-07
0.666667 89.888889 8000.000000 -3.28525251856067e-07
0.777778 89.888889 8000.000000 -3.28524665697492e-07
0.888889 89.888889 8000.000000 -3.28525036842161e-07
1.000000 89.888889 8000.000000 -3.28524761758656e-07
0.000000 90.000000 8000.000000 -3.28677097307166e-07
0.111111 90.000000 8000.000000 -3.28677097307166e-07
0.222222 90.000000 8000.000000 -3.28677097307166e-07
0.333333 90.000000 8000.000000 -3.28677097307166e-07
0.444444 90.000000 8000.000000 -3.28677097307166e-07
0.555556 90.000000 8000.000000 -3.28677097307166e-07
0.666667 90.000000 8000.000000 -3.28677097307166e-07
0.777778 90.000000 8000.000000 -3.28677097307166e-07
0.888889 90.000000 8000.000000 -3.28677097307166e-07
1.000000 90.000000 8000.000000 -3.28677097307166e-07
