# gzzz component calculated with tessgzzz 2017:
#   local time: Sun Mar 11 02:56:52 2018
#   model file: tesseroid_vs_spherical_shell_files/model-size1.0.tess (64800 tesseroids)
#   GLQ order: 2 lon / 2 lat / 2 r
#   Use recursive division of tesseroids: True
#   Distance-size ratio for recusive division: 45
0.000000 89.000000 6000.000000 -3.29206357256255e-07
0.111111 89.000000 6000.000000 -3.29205494264304e-07
0.222222 89.000000 6000.000000 -3.2920505287004e-07
0.333333 89.000000 6000.000000 -3.29205893842313e-07
0.444444 89.000000 6000.000000 -3.29206563661581e-07
0.555556 89.000000 6000.000000 -3.2920656268969e-07
0.666667 89.000000 6000.000000 -3.29205894051573e-07
0.777778 89.000000 6000.000000 -3.29205052725228e-07
0.888889 89.000000 6000.000000 -3.29205495569532e-07
1.000000 89.000000 6000.000000 -3.29206357253219e-07
0.000000 89.111111 6000.000000 -3.29154958057172e-07
0.111111 89.111111 6000.000000 -3.2915506587033e-07
0.222222 89.111111 6000.000000 -3.29156132977186e-07
0.333333 89.111111 6000.000000 -3.29156145838026e-07
0.444444 89.111111 6000.000000 -3.29155145159802e-07
0.555556 89.111111 6000.000000 -3.29155145043876e-07
0.666667 89.111111 6000.000000 -3.29156145706021e-07
0.777778 89.111111 6000.000000 -3.29156132466491e-07
0.888889 89.111111 6000.000000 -3.29155065866719e-07
1.000000 89.111111 6000.000000 -3.29154958079942e-07
0.000000 89.222222 6000.000000 -3.29071791340961e-07
0.111111 89.222222 6000.000000 -3.2907339977238e-07
0.222222 89.222222 6000.000000 -3.29071522327518e-07
0.333333 89.222222 6000.000000 -3.29073216268047e-07
0.444444 89.222222 6000.000000 -3.29073676154602e-07
0.555556 89.222222 6000.000000 -3.29073676340976e-07
0.666667 89.222222 6000.000000 -3.29073215429999e-07
0.777778 89.222222 6000.000000 -3.29071522538874e-07
0.888889 89.222222 6000.000000 -3.29073399564154e-07
1.000000 89.222222 6000.000000 -3.29071791140675e-07
0.000000 89.333333 6000.000000 -3.29089738672449e-07
0.111111 89.333333 6000.000000 -3.29089226348721e-07
0.222222 89.333333 6000.000000 -3.29090047605472e-07
0.333333 89.333333 6000.000000 -3.29089146178749e-07
0.444444 89.333333 6000.000000 -3.29089412064631e-07
0.555556 89.333333 6000.000000 -3.29089412398539e-07
0.666667 89.333333 6000.000000 -3.29089145731327e-07
0.777778 89.333333 6000.000000 -3.29090047654782e-07
0.888889 89.333333 6000.000000 -3.29089226329794e-07
1.000000 89.333333 6000.000000 -3.29089738304538e-07
0.000000 89.444444 6000.000000 -3.29167426813825e-07
0.111111 89.444444 6000.000000 -3.29168203154752e-07
0.222222 89.444444 6000.000000 -3.291632924245e-07
0.333333 89.444444 6000.000000 -3.29163316075313e-07
0.444444 89.444444 6000.000000 -3.29162104238756e-07
0.555556 89.444444 6000.000000 -3.29162103494556e-07
0.666667 89.444444 6000.000000 -3.29163316253647e-07
0.777778 89.444444 6000.000000 -3.29163292194636e-07
0.888889 89.444444 6000.000000 -3.29168203267956e-07
1.000000 89.444444 6000.000000 -3.29167427205898e-07
0.000000 89.555556 6000.000000 -3.29108838434864e-07
0.111111 89.555556 6000.000000 -3.29111111065284e-07
0.222222 89.555556 6000.000000 -3.29107268913801e-07
0.333333 89.555556 6000.000000 -3.29107467351794e-07
0.444444 89.555556 6000.000000 -3.29107428001038e-07
0.555556 89.555556 6000.000000 -3.29107427936813e-07
0.666667 89.555556 6000.000000 -3.29107468303751e-07
0.777778 89.555556 6000.000000 -3.2910726769542e-07
0.888889 89.555556 6000.000000 -3.29111109576308e-07
1.000000 89.555556 6000.000000 -3.29108838641996e-07
0.000000 89.666667 6000.000000 -3.2909067031858e-07
0.111111 89.666667 6000.000000 -3.2909091334093e-07
0.222222 89.666667 6000.000000 -3.29090358994852e-07
0.333333 89.666667 6000.000000 -3.29090662376591e-07
0.444444 89.666667 6000.000000 -3.29090727868217e-07
0.555556 89.666667 6000.000000 -3.29090727846178e-07
0.666667 89.666667 6000.000000 -3.29090662434559e-07
0.777778 89.666667 6000.000000 -3.29090358954754e-07
0.888889 89.666667 6000.000000 -3.29090912923091e-07
1.000000 89.666667 6000.000000 -3.29090670220667e-07
0.000000 89.777778 6000.000000 -3.29107804938191e-07
0.111111 89.777778 6000.000000 -3.29110083482031e-07
0.222222 89.777778 6000.000000 -3.29108759556585e-07
0.333333 89.777778 6000.000000 -3.29108676405567e-07
0.444444 89.777778 6000.000000 -3.29109635685337e-07
0.555556 89.777778 6000.000000 -3.29109636029022e-07
0.666667 89.777778 6000.000000 -3.29108676622319e-07
0.777778 89.777778 6000.000000 -3.29108759613782e-07
0.888889 89.777778 6000.000000 -3.2911008307224e-07
1.000000 89.777778 6000.000000 -3.29107804779028e-07
0.000000 89.888889 6000.000000 -3.29164366936555e-07
0.111111 89.888889 6000.000000 -3.29163341496056e-07
0.222222 89.888889 6000.000000 -3.29162733591998e-07
0.333333 89.888889 6000.000000 -3.29161434570241e-07
0.444444 89.888889 6000.000000 -3.29162375499867e-07
0.555556 89.888889 6000.000000 -3.29162375633599e-07
0.666667 89.888889 6000.000000 -3.29161434604228e-07
0.777778 89.888889 6000.000000 -3.29162733808333e-07
0.888889 89.888889 6000.000000 -3.29163341576032e-07
1.000000 89.888889 6000.000000 -3.29164366879894e-07
0.000000 90.000000 6000.000000 -3.28790274276935e-07
0.111111 90.000000 6000.000000 -3.28790274276935e-07
0.222222 90.000000 6000.000000 -3.28790274276935e-07
0.333333 90.000000 6000.000000 -3.28790274276935e-07
0.444444 90.000000 6000.000000 -3.28790274276935e-07
0.555556 90.000000 6000.000000 -3.28790274276935e-07
0.666667 90.000000 6000.000000 -3.28790274276935e-07
0.777778 90.000000 6000.000000 -3.28790274276935e-07
0.888889 90.000000 6000.000000 -3.28790274276935e-07
1.000000 90.000000 6000.000000 -3.28790274276935e-07
