# gzzz component calculated with tessgzzz 2017:
#   local time: Sun Mar 11 03:13:16 2018
#   model file: tesseroid_vs_spherical_shell_files/model-size1.0.tess (64800 tesseroids)
#   GLQ order: 2 lon / 2 lat / 2 r
#   Use recursive division of tesseroids: True
#   Distance-size ratio for recusive division: 42.5
0.000000 89.000000 50000.000000 -3.20115780845984e-07
0.111111 89.000000 50000.000000 -3.20115796875824e-07
0.222222 89.000000 50000.000000 -3.20115792375408e-07
0.333333 89.000000 50000.000000 -3.20115790427488e-07
0.444444 89.000000 50000.000000 -3.20115807340004e-07
0.555556 89.000000 50000.000000 -3.20115807340136e-07
0.666667 89.000000 50000.000000 -3.20115790427221e-07
0.777778 89.000000 50000.000000 -3.20115792373778e-07
0.888889 89.000000 50000.000000 -3.20115796876654e-07
1.000000 89.000000 50000.000000 -3.20115780846159e-07
0.000000 89.111111 50000.000000 -3.20115588210023e-07
0.111111 89.111111 50000.000000 -3.20115589752194e-07
0.222222 89.111111 50000.000000 -3.20115569408148e-07
0.333333 89.111111 50000.000000 -3.20115564501382e-07
0.444444 89.111111 50000.000000 -3.20115567978716e-07
0.555556 89.111111 50000.000000 -3.20115567978428e-07
0.666667 89.111111 50000.000000 -3.20115564500914e-07
0.777778 89.111111 50000.000000 -3.20115569406914e-07
0.888889 89.111111 50000.000000 -3.201155897517e-07
1.000000 89.111111 50000.000000 -3.20115588209719e-07
0.000000 89.222222 50000.000000 -3.20115472564762e-07
0.111111 89.222222 50000.000000 -3.20115488499462e-07
0.222222 89.222222 50000.000000 -3.20115481636727e-07
0.333333 89.222222 50000.000000 -3.20115484489813e-07
0.444444 89.222222 50000.000000 -3.20115473830845e-07
0.555556 89.222222 50000.000000 -3.20115473830069e-07
0.666667 89.222222 50000.000000 -3.20115484488234e-07
0.777778 89.222222 50000.000000 -3.20115481635402e-07
0.888889 89.222222 50000.000000 -3.20115488498633e-07
1.000000 89.222222 50000.000000 -3.20115472564546e-07
0.000000 89.333333 50000.000000 -3.20115744695884e-07
0.111111 89.333333 50000.000000 -3.20115742963554e-07
0.222222 89.333333 50000.000000 -3.20115728664177e-07
0.333333 89.333333 50000.000000 -3.20115726489354e-07
0.444444 89.333333 50000.000000 -3.20115730622202e-07
0.555556 89.333333 50000.000000 -3.20115730623253e-07
0.666667 89.333333 50000.000000 -3.20115726489644e-07
0.777778 89.333333 50000.000000 -3.20115728663122e-07
0.888889 89.333333 50000.000000 -3.20115742964876e-07
1.000000 89.333333 50000.000000 -3.2011574469553e-07
0.000000 89.444444 50000.000000 -3.2011657851501e-07
0.111111 89.444444 50000.000000 -3.20116577832282e-07
0.222222 89.444444 50000.000000 -3.20116576244993e-07
0.333333 89.444444 50000.000000 -3.20116551361401e-07
0.444444 89.444444 50000.000000 -3.20116550722832e-07
0.555556 89.444444 50000.000000 -3.20116550722335e-07
0.666667 89.444444 50000.000000 -3.20116551361653e-07
0.777778 89.444444 50000.000000 -3.20116576244936e-07
0.888889 89.444444 50000.000000 -3.20116577832187e-07
1.000000 89.444444 50000.000000 -3.20116578514582e-07
0.000000 89.555556 50000.000000 -3.20117615720072e-07
0.111111 89.555556 50000.000000 -3.20117615852e-07
0.222222 89.555556 50000.000000 -3.2011761939574e-07
0.333333 89.555556 50000.000000 -3.20117613599627e-07
0.444444 89.555556 50000.000000 -3.20117611942439e-07
0.555556 89.555556 50000.000000 -3.20117611942426e-07
0.666667 89.555556 50000.000000 -3.20117613599053e-07
0.777778 89.555556 50000.000000 -3.20117619394139e-07
0.888889 89.555556 50000.000000 -3.20117615850724e-07
1.000000 89.555556 50000.000000 -3.20117615720044e-07
0.000000 89.666667 50000.000000 -3.20116994917224e-07
0.111111 89.666667 50000.000000 -3.20116994831475e-07
0.222222 89.666667 50000.000000 -3.20116994271574e-07
0.333333 89.666667 50000.000000 -3.20116996113886e-07
0.444444 89.666667 50000.000000 -3.20116993546796e-07
0.555556 89.666667 50000.000000 -3.20116993547172e-07
0.666667 89.666667 50000.000000 -3.20116996111378e-07
0.777778 89.666667 50000.000000 -3.20116994272213e-07
0.888889 89.666667 50000.000000 -3.20116994830463e-07
1.000000 89.666667 50000.000000 -3.20116994917243e-07
0.000000 89.777778 50000.000000 -3.20116356101413e-07
0.111111 89.777778 50000.000000 -3.20116356842371e-07
0.222222 89.777778 50000.000000 -3.20116356347416e-07
0.333333 89.777778 50000.000000 -3.20116356309012e-07
0.444444 89.777778 50000.000000 -3.20116355694726e-07
0.555556 89.777778 50000.000000 -3.20116355694806e-07
0.666667 89.777778 50000.000000 -3.20116356308909e-07
0.777778 89.777778 50000.000000 -3.20116356347962e-07
0.888889 89.777778 50000.000000 -3.2011635684198e-07
1.000000 89.777778 50000.000000 -3.20116356101328e-07
0.000000 89.888889 50000.000000 -3.20114942938743e-07
0.111111 89.888889 50000.000000 -3.20114943235505e-07
0.222222 89.888889 50000.000000 -3.20114942599219e-07
0.333333 89.888889 50000.000000 -3.20114942513935e-07
0.444444 89.888889 50000.000000 -3.2011494275544e-07
0.555556 89.888889 50000.000000 -3.20114942755848e-07
0.666667 89.888889 50000.000000 -3.20114942513741e-07
0.777778 89.888889 50000.000000 -3.20114942599118e-07
0.888889 89.888889 50000.000000 -3.20114943235165e-07
1.000000 89.888889 50000.000000 -3.20114942938687e-07
0.000000 90.000000 50000.000000 -3.20113819692813e-07
0.111111 90.000000 50000.000000 -3.20113819692813e-07
0.222222 90.000000 50000.000000 -3.20113819692813e-07
0.333333 90.000000 50000.000000 -3.20113819692813e-07
0.444444 90.000000 50000.000000 -3.20113819692813e-07
0.555556 90.000000 50000.000000 -3.20113819692813e-07
0.666667 90.000000 50000.000000 -3.20113819692813e-07
0.777778 90.000000 50000.000000 -3.20113819692813e-07
0.888889 90.000000 50000.000000 -3.20113819692813e-07
1.000000 90.000000 50000.000000 -3.20113819692813e-07
