# gzzz component calculated with tessgzzz 2017:
#   local time: Sun Mar 11 03:11:09 2018
#   model file: tesseroid_vs_spherical_shell_files/model-size1.0.tess (64800 tesseroids)
#   GLQ order: 2 lon / 2 lat / 2 r
#   Use recursive division of tesseroids: True
#   Distance-size ratio for recusive division: 2.5
0.000000 89.000000 50000.000000 -2.86523000117139e-07
0.111111 89.000000 50000.000000 -2.8619092254714e-07
0.222222 89.000000 50000.000000 -2.86333060025877e-07
0.333333 89.000000 50000.000000 -2.87058652747663e-07
0.444444 89.000000 50000.000000 -2.8660637306582e-07
0.555556 89.000000 50000.000000 -2.86606373065892e-07
0.666667 89.000000 50000.000000 -2.87058652747262e-07
0.777778 89.000000 50000.000000 -2.86333060026112e-07
0.888889 89.000000 50000.000000 -2.86190922546966e-07
1.000000 89.000000 50000.000000 -2.86523000117074e-07
0.000000 89.111111 50000.000000 -2.0792820591521e-07
0.111111 89.111111 50000.000000 -2.07943200724122e-07
0.222222 89.111111 50000.000000 -2.0759373332971e-07
0.333333 89.111111 50000.000000 -2.05891519881803e-07
0.444444 89.111111 50000.000000 -2.05307834617073e-07
0.555556 89.111111 50000.000000 -2.05307834617123e-07
0.666667 89.111111 50000.000000 -2.05891519881824e-07
0.777778 89.111111 50000.000000 -2.07593733329682e-07
0.888889 89.111111 50000.000000 -2.07943200723801e-07
1.000000 89.111111 50000.000000 -2.07928205915254e-07
0.000000 89.222222 50000.000000 -2.88019166528425e-07
0.111111 89.222222 50000.000000 -2.87963993231352e-07
0.222222 89.222222 50000.000000 -2.87211986633474e-07
0.333333 89.222222 50000.000000 -2.88289344122054e-07
0.444444 89.222222 50000.000000 -2.88294407149501e-07
0.555556 89.222222 50000.000000 -2.88294407149369e-07
0.666667 89.222222 50000.000000 -2.88289344120887e-07
0.777778 89.222222 50000.000000 -2.87211986632025e-07
0.888889 89.222222 50000.000000 -2.87963993231483e-07
1.000000 89.222222 50000.000000 -2.88019166528557e-07
0.000000 89.333333 50000.000000 -2.16459602811465e-07
0.111111 89.333333 50000.000000 -2.16818428110185e-07
0.222222 89.333333 50000.000000 -2.17099282829702e-07
0.333333 89.333333 50000.000000 -2.1578373165216e-07
0.444444 89.333333 50000.000000 -2.1529152571996e-07
0.555556 89.333333 50000.000000 -2.15291525720218e-07
0.666667 89.333333 50000.000000 -2.15783731651882e-07
0.777778 89.333333 50000.000000 -2.17099282829895e-07
0.888889 89.333333 50000.000000 -2.16818428109893e-07
1.000000 89.333333 50000.000000 -2.16459602811368e-07
0.000000 89.444444 50000.000000 -2.92320368492731e-07
0.111111 89.444444 50000.000000 -2.92517751767317e-07
0.222222 89.444444 50000.000000 -2.92518412666565e-07
0.333333 89.444444 50000.000000 -2.93259666977771e-07
0.444444 89.444444 50000.000000 -2.94807328526669e-07
0.555556 89.444444 50000.000000 -2.94807328526698e-07
0.666667 89.444444 50000.000000 -2.93259666977859e-07
0.777778 89.444444 50000.000000 -2.92518412666586e-07
0.888889 89.444444 50000.000000 -2.92517751767279e-07
1.000000 89.444444 50000.000000 -2.92320368492626e-07
0.000000 89.555556 50000.000000 -3.39736099568858e-07
0.111111 89.555556 50000.000000 -3.38744704173767e-07
0.222222 89.555556 50000.000000 -3.38735578893259e-07
0.333333 89.555556 50000.000000 -3.39484337165849e-07
0.444444 89.555556 50000.000000 -3.39525530356778e-07
0.555556 89.555556 50000.000000 -3.39525530357006e-07
0.666667 89.555556 50000.000000 -3.39484337165852e-07
0.777778 89.555556 50000.000000 -3.38735578894987e-07
0.888889 89.555556 50000.000000 -3.38744704173872e-07
1.000000 89.555556 50000.000000 -3.39736099568973e-07
0.000000 89.666667 50000.000000 -4.10693504649554e-07
0.111111 89.666667 50000.000000 -4.10697102300396e-07
0.222222 89.666667 50000.000000 -4.10700312537397e-07
0.333333 89.666667 50000.000000 -4.10790108996702e-07
0.444444 89.666667 50000.000000 -4.11098475451228e-07
0.555556 89.666667 50000.000000 -4.11098475450834e-07
0.666667 89.666667 50000.000000 -4.10790108996526e-07
0.777778 89.666667 50000.000000 -4.10700312536772e-07
0.888889 89.666667 50000.000000 -4.10697102301353e-07
1.000000 89.666667 50000.000000 -4.10693504649611e-07
0.000000 89.777778 50000.000000 -3.22003783193285e-07
0.111111 89.777778 50000.000000 -3.22968935832298e-07
0.222222 89.777778 50000.000000 -3.22964745313246e-07
0.333333 89.777778 50000.000000 -3.23050982364998e-07
0.444444 89.777778 50000.000000 -3.23049537421625e-07
0.555556 89.777778 50000.000000 -3.23049537421945e-07
0.666667 89.777778 50000.000000 -3.23050982364893e-07
0.777778 89.777778 50000.000000 -3.22964745313002e-07
0.888889 89.777778 50000.000000 -3.22968935832363e-07
1.000000 89.777778 50000.000000 -3.22003783193319e-07
0.000000 89.888889 50000.000000 -2.24369633414818e-07
0.111111 89.888889 50000.000000 -2.25191650951199e-07
0.222222 89.888889 50000.000000 -2.25281744940025e-07
0.333333 89.888889 50000.000000 -2.25280653181276e-07
0.444444 89.888889 50000.000000 -2.25280107233302e-07
0.555556 89.888889 50000.000000 -2.25280107233333e-07
0.666667 89.888889 50000.000000 -2.25280653181464e-07
0.777778 89.888889 50000.000000 -2.25281744939982e-07
0.888889 89.888889 50000.000000 -2.25191650951408e-07
1.000000 89.888889 50000.000000 -2.24369633414802e-07
0.000000 90.000000 50000.000000 -1.20896474111881e-07
0.111111 90.000000 50000.000000 -1.20896474111881e-07
0.222222 90.000000 50000.000000 -1.20896474111881e-07
0.333333 90.000000 50000.000000 -1.20896474111881e-07
0.444444 90.000000 50000.000000 -1.20896474111881e-07
0.555556 90.000000 50000.000000 -1.20896474111881e-07
0.666667 90.000000 50000.000000 -1.20896474111881e-07
0.777778 90.000000 50000.000000 -1.20896474111881e-07
0.888889 90.000000 50000.000000 -1.20896474111881e-07
1.000000 90.000000 50000.000000 -1.20896474111881e-07
