# gzzz component calculated with tessgzzz 2017:
#   local time: Sun Mar 11 02:57:36 2018
#   model file: tesseroid_vs_spherical_shell_files/model-size1.0.tess (64800 tesseroids)
#   GLQ order: 2 lon / 2 lat / 2 r
#   Use recursive division of tesseroids: True
#   Distance-size ratio for recusive division: 47.5
0.000000 89.000000 6000.000000 -3.29211494148496e-07
0.111111 89.000000 6000.000000 -3.29211225766776e-07
0.222222 89.000000 6000.000000 -3.29210081923277e-07
0.333333 89.000000 6000.000000 -3.29210697813526e-07
0.444444 89.000000 6000.000000 -3.29212229815474e-07
0.555556 89.000000 6000.000000 -3.29212229005671e-07
0.666667 89.000000 6000.000000 -3.29210697976833e-07
0.777778 89.000000 6000.000000 -3.29210081445429e-07
0.888889 89.000000 6000.000000 -3.29211227374889e-07
1.000000 89.000000 6000.000000 -3.29211494156058e-07
0.000000 89.111111 6000.000000 -3.29161666276898e-07
0.111111 89.111111 6000.000000 -3.29162218074145e-07
0.222222 89.111111 6000.000000 -3.29162431449661e-07
0.333333 89.111111 6000.000000 -3.29162211025857e-07
0.444444 89.111111 6000.000000 -3.29161023304773e-07
0.555556 89.111111 6000.000000 -3.29161023375594e-07
0.666667 89.111111 6000.000000 -3.29162210919114e-07
0.777778 89.111111 6000.000000 -3.29162431195788e-07
0.888889 89.111111 6000.000000 -3.29162217934898e-07
1.000000 89.111111 6000.000000 -3.29161666263045e-07
0.000000 89.222222 6000.000000 -3.29088530712301e-07
0.111111 89.222222 6000.000000 -3.29090674634637e-07
0.222222 89.222222 6000.000000 -3.2909130869138e-07
0.333333 89.222222 6000.000000 -3.29090410510132e-07
0.444444 89.222222 6000.000000 -3.29089754115647e-07
0.555556 89.222222 6000.000000 -3.29089754282579e-07
0.666667 89.222222 6000.000000 -3.29090409464644e-07
0.777778 89.222222 6000.000000 -3.29091308645854e-07
0.888889 89.222222 6000.000000 -3.2909067420812e-07
1.000000 89.222222 6000.000000 -3.29088530504481e-07
0.000000 89.333333 6000.000000 -3.2909067003285e-07
0.111111 89.333333 6000.000000 -3.29090285737134e-07
0.222222 89.333333 6000.000000 -3.29091056063071e-07
0.333333 89.333333 6000.000000 -3.29091023822842e-07
0.444444 89.333333 6000.000000 -3.29090134887944e-07
0.555556 89.333333 6000.000000 -3.29090135077015e-07
0.666667 89.333333 6000.000000 -3.29091023698022e-07
0.777778 89.333333 6000.000000 -3.29091056270549e-07
0.888889 89.333333 6000.000000 -3.29090285876421e-07
1.000000 89.333333 6000.000000 -3.290906693468e-07
0.000000 89.444444 6000.000000 -3.29108965033502e-07
0.111111 89.444444 6000.000000 -3.29107177023712e-07
0.222222 89.444444 6000.000000 -3.29107442799587e-07
0.333333 89.444444 6000.000000 -3.29106215199547e-07
0.444444 89.444444 6000.000000 -3.29106591745814e-07
0.555556 89.444444 6000.000000 -3.2910659062283e-07
0.666667 89.444444 6000.000000 -3.2910621526912e-07
0.777778 89.444444 6000.000000 -3.29107442805857e-07
0.888889 89.444444 6000.000000 -3.29107176916081e-07
1.000000 89.444444 6000.000000 -3.29108965120217e-07
0.000000 89.555556 6000.000000 -3.29123156547346e-07
0.111111 89.555556 6000.000000 -3.2912502741133e-07
0.222222 89.555556 6000.000000 -3.29124997004639e-07
0.333333 89.555556 6000.000000 -3.29124884789813e-07
0.444444 89.555556 6000.000000 -3.29125394960474e-07
0.555556 89.555556 6000.000000 -3.29125394755251e-07
0.666667 89.555556 6000.000000 -3.29124885949882e-07
0.777778 89.555556 6000.000000 -3.29124995606737e-07
0.888889 89.555556 6000.000000 -3.29125025471494e-07
1.000000 89.555556 6000.000000 -3.29123156830409e-07
0.000000 89.666667 6000.000000 -3.29083260079823e-07
0.111111 89.666667 6000.000000 -3.29083976584648e-07
0.222222 89.666667 6000.000000 -3.29083039798596e-07
0.333333 89.666667 6000.000000 -3.29082780441598e-07
0.444444 89.666667 6000.000000 -3.29083488253535e-07
0.555556 89.666667 6000.000000 -3.29083488114366e-07
0.666667 89.666667 6000.000000 -3.29082780014514e-07
0.777778 89.666667 6000.000000 -3.29083039684337e-07
0.888889 89.666667 6000.000000 -3.29083976432519e-07
1.000000 89.666667 6000.000000 -3.29083259999811e-07
0.000000 89.777778 6000.000000 -3.29135365511896e-07
0.111111 89.777778 6000.000000 -3.29135714367968e-07
0.222222 89.777778 6000.000000 -3.29134042413356e-07
0.333333 89.777778 6000.000000 -3.29135161905034e-07
0.444444 89.777778 6000.000000 -3.29134416629178e-07
0.555556 89.777778 6000.000000 -3.29134416806497e-07
0.666667 89.777778 6000.000000 -3.29135162144728e-07
0.777778 89.777778 6000.000000 -3.29134042513949e-07
0.888889 89.777778 6000.000000 -3.29135714199312e-07
1.000000 89.777778 6000.000000 -3.29135365381345e-07
0.000000 89.888889 6000.000000 -3.29166457910599e-07
0.111111 89.888889 6000.000000 -3.29166239845151e-07
0.222222 89.888889 6000.000000 -3.2916755219516e-07
0.333333 89.888889 6000.000000 -3.29167557491586e-07
0.444444 89.888889 6000.000000 -3.29166400047564e-07
0.555556 89.888889 6000.000000 -3.29166400196515e-07
0.666667 89.888889 6000.000000 -3.29167557574241e-07
0.777778 89.888889 6000.000000 -3.29167552378007e-07
0.888889 89.888889 6000.000000 -3.29166239986318e-07
1.000000 89.888889 6000.000000 -3.29166457843725e-07
0.000000 90.000000 6000.000000 -3.28857280196752e-07
0.111111 90.000000 6000.000000 -3.28857280196752e-07
0.222222 90.000000 6000.000000 -3.28857280196752e-07
0.333333 90.000000 6000.000000 -3.28857280196752e-07
0.444444 90.000000 6000.000000 -3.28857280196752e-07
0.555556 90.000000 6000.000000 -3.28857280196752e-07
0.666667 90.000000 6000.000000 -3.28857280196752e-07
0.777778 90.000000 6000.000000 -3.28857280196752e-07
0.888889 90.000000 6000.000000 -3.28857280196752e-07
1.000000 90.000000 6000.000000 -3.28857280196752e-07
