# gzzz component calculated with tessgzzz 2017:
#   local time: Sun Mar 11 02:53:34 2018
#   model file: tesseroid_vs_spherical_shell_files/model-size1.0.tess (64800 tesseroids)
#   GLQ order: 2 lon / 2 lat / 2 r
#   Use recursive division of tesseroids: True
#   Distance-size ratio for recusive division: 27.5
0.000000 89.000000 6000.000000 -3.29317757623252e-07
0.111111 89.000000 6000.000000 -3.2931692196238e-07
0.222222 89.000000 6000.000000 -3.29317470784166e-07
0.333333 89.000000 6000.000000 -3.29312591517326e-07
0.444444 89.000000 6000.000000 -3.29323828236991e-07
0.555556 89.000000 6000.000000 -3.29323828272616e-07
0.666667 89.000000 6000.000000 -3.29312591533364e-07
0.777778 89.000000 6000.000000 -3.29317470598573e-07
0.888889 89.000000 6000.000000 -3.29316922117409e-07
1.000000 89.000000 6000.000000 -3.29317757658051e-07
0.000000 89.111111 6000.000000 -3.29710161375041e-07
0.111111 89.111111 6000.000000 -3.29690436392819e-07
0.222222 89.111111 6000.000000 -3.29695229714448e-07
0.333333 89.111111 6000.000000 -3.29702951620741e-07
0.444444 89.111111 6000.000000 -3.29689059387113e-07
0.555556 89.111111 6000.000000 -3.29689059492712e-07
0.666667 89.111111 6000.000000 -3.29702951692418e-07
0.777778 89.111111 6000.000000 -3.29695229755264e-07
0.888889 89.111111 6000.000000 -3.29690437647527e-07
1.000000 89.111111 6000.000000 -3.29710161281247e-07
0.000000 89.222222 6000.000000 -3.2938176882259e-07
0.111111 89.222222 6000.000000 -3.29380595688664e-07
0.222222 89.222222 6000.000000 -3.29387691019937e-07
0.333333 89.222222 6000.000000 -3.29412291399738e-07
0.444444 89.222222 6000.000000 -3.29415459378223e-07
0.555556 89.222222 6000.000000 -3.29415459612029e-07
0.666667 89.222222 6000.000000 -3.29412291471998e-07
0.777778 89.222222 6000.000000 -3.29387691311061e-07
0.888889 89.222222 6000.000000 -3.29380595560455e-07
1.000000 89.222222 6000.000000 -3.29381768634276e-07
0.000000 89.333333 6000.000000 -3.28988532792349e-07
0.111111 89.333333 6000.000000 -3.28978734364232e-07
0.222222 89.333333 6000.000000 -3.28980647122475e-07
0.333333 89.333333 6000.000000 -3.2898381220412e-07
0.444444 89.333333 6000.000000 -3.28984488801954e-07
0.555556 89.333333 6000.000000 -3.2898448886839e-07
0.666667 89.333333 6000.000000 -3.28983812201383e-07
0.777778 89.333333 6000.000000 -3.28980647003248e-07
0.888889 89.333333 6000.000000 -3.28978734027643e-07
1.000000 89.333333 6000.000000 -3.28988532826842e-07
0.000000 89.444444 6000.000000 -3.28873305459862e-07
0.111111 89.444444 6000.000000 -3.28883392486884e-07
0.222222 89.444444 6000.000000 -3.28874513513115e-07
0.333333 89.444444 6000.000000 -3.28867824426879e-07
0.444444 89.444444 6000.000000 -3.28865833840591e-07
0.555556 89.444444 6000.000000 -3.28865833770177e-07
0.666667 89.444444 6000.000000 -3.28867824385443e-07
0.777778 89.444444 6000.000000 -3.28874513599978e-07
0.888889 89.444444 6000.000000 -3.28883392514963e-07
1.000000 89.444444 6000.000000 -3.28873305663746e-07
0.000000 89.555556 6000.000000 -3.29838357293603e-07
0.111111 89.555556 6000.000000 -3.29840459398361e-07
0.222222 89.555556 6000.000000 -3.29822783209799e-07
0.333333 89.555556 6000.000000 -3.29847638287431e-07
0.444444 89.555556 6000.000000 -3.29843780829272e-07
0.555556 89.555556 6000.000000 -3.29843780801344e-07
0.666667 89.555556 6000.000000 -3.29847637788889e-07
0.777778 89.555556 6000.000000 -3.29822783316844e-07
0.888889 89.555556 6000.000000 -3.29840459179452e-07
1.000000 89.555556 6000.000000 -3.29838357490287e-07
0.000000 89.666667 6000.000000 -3.28934159658475e-07
0.111111 89.666667 6000.000000 -3.28946392836569e-07
0.222222 89.666667 6000.000000 -3.28936685200247e-07
0.333333 89.666667 6000.000000 -3.28941548289737e-07
0.444444 89.666667 6000.000000 -3.28936912536922e-07
0.555556 89.666667 6000.000000 -3.28936912611535e-07
0.666667 89.666667 6000.000000 -3.28941548359891e-07
0.777778 89.666667 6000.000000 -3.28936685356191e-07
0.888889 89.666667 6000.000000 -3.2894639273143e-07
1.000000 89.666667 6000.000000 -3.28934159517032e-07
0.000000 89.777778 6000.000000 -3.29560091242545e-07
0.111111 89.777778 6000.000000 -3.29590578041432e-07
0.222222 89.777778 6000.000000 -3.29579937790049e-07
0.333333 89.777778 6000.000000 -3.29585836072135e-07
0.444444 89.777778 6000.000000 -3.29589274402327e-07
0.555556 89.777778 6000.000000 -3.29589274255754e-07
0.666667 89.777778 6000.000000 -3.29585836106867e-07
0.777778 89.777778 6000.000000 -3.29579937746453e-07
0.888889 89.777778 6000.000000 -3.29590578058269e-07
1.000000 89.777778 6000.000000 -3.29560091148818e-07
0.000000 89.888889 6000.000000 -3.28868428642489e-07
0.111111 89.888889 6000.000000 -3.28870660992675e-07
0.222222 89.888889 6000.000000 -3.28877333227586e-07
0.333333 89.888889 6000.000000 -3.28870899635863e-07
0.444444 89.888889 6000.000000 -3.28872984701659e-07
0.555556 89.888889 6000.000000 -3.28872984190286e-07
0.666667 89.888889 6000.000000 -3.28870899629075e-07
0.777778 89.888889 6000.000000 -3.28877333246183e-07
0.888889 89.888889 6000.000000 -3.28870661035778e-07
1.000000 89.888889 6000.000000 -3.28868428702814e-07
0.000000 90.000000 6000.000000 -3.29756968342527e-07
0.111111 90.000000 6000.000000 -3.29756968342527e-07
0.222222 90.000000 6000.000000 -3.29756968342527e-07
0.333333 90.000000 6000.000000 -3.29756968342527e-07
0.444444 90.000000 6000.000000 -3.29756968342527e-07
0.555556 90.000000 6000.000000 -3.29756968342527e-07
0.666667 90.000000 6000.000000 -3.29756968342527e-07
0.777778 90.000000 6000.000000 -3.29756968342527e-07
0.888889 90.000000 6000.000000 -3.29756968342527e-07
1.000000 90.000000 6000.000000 -3.29756968342527e-07
