# gzzz component calculated with tessgzzz 2017:
#   local time: Sun Mar 11 03:16:06 2018
#   model file: tesseroid_vs_spherical_shell_files/model-size1.0.tess (64800 tesseroids)
#   GLQ order: 2 lon / 2 lat / 2 r
#   Use recursive division of tesseroids: True
#   Distance-size ratio for recusive division: 42.5
0.000000 89.000000 150000.000000 -3.0094856709399e-07
0.111111 89.000000 150000.000000 -3.0094856682856e-07
0.222222 89.000000 150000.000000 -3.00948566746912e-07
0.333333 89.000000 150000.000000 -3.00948566702825e-07
0.444444 89.000000 150000.000000 -3.00948566848748e-07
0.555556 89.000000 150000.000000 -3.00948566848846e-07
0.666667 89.000000 150000.000000 -3.00948566702789e-07
0.777778 89.000000 150000.000000 -3.0094856674696e-07
0.888889 89.000000 150000.000000 -3.00948566828502e-07
1.000000 89.000000 150000.000000 -3.00948567093995e-07
0.000000 89.111111 150000.000000 -3.00948570199585e-07
0.111111 89.111111 150000.000000 -3.00948570278806e-07
0.222222 89.111111 150000.000000 -3.00948570124548e-07
0.333333 89.111111 150000.000000 -3.00948570226985e-07
0.444444 89.111111 150000.000000 -3.00948570230743e-07
0.555556 89.111111 150000.000000 -3.00948570230896e-07
0.666667 89.111111 150000.000000 -3.00948570227234e-07
0.777778 89.111111 150000.000000 -3.00948570124577e-07
0.888889 89.111111 150000.000000 -3.00948570278717e-07
1.000000 89.111111 150000.000000 -3.00948570199634e-07
0.000000 89.222222 150000.000000 -3.00948560246156e-07
0.111111 89.222222 150000.000000 -3.00948560294041e-07
0.222222 89.222222 150000.000000 -3.00948560463796e-07
0.333333 89.222222 150000.000000 -3.00948560481728e-07
0.444444 89.222222 150000.000000 -3.00948560365945e-07
0.555556 89.222222 150000.000000 -3.00948560365666e-07
0.666667 89.222222 150000.000000 -3.00948560481618e-07
0.777778 89.222222 150000.000000 -3.00948560463792e-07
0.888889 89.222222 150000.000000 -3.00948560294442e-07
1.000000 89.222222 150000.000000 -3.00948560246095e-07
0.000000 89.333333 150000.000000 -3.00948524668744e-07
0.111111 89.333333 150000.000000 -3.00948524707869e-07
0.222222 89.333333 150000.000000 -3.00948524725149e-07
0.333333 89.333333 150000.000000 -3.00948524629538e-07
0.444444 89.333333 150000.000000 -3.00948524649441e-07
0.555556 89.333333 150000.000000 -3.00948524649576e-07
0.666667 89.333333 150000.000000 -3.00948524629498e-07
0.777778 89.333333 150000.000000 -3.00948524725117e-07
0.888889 89.333333 150000.000000 -3.0094852470791e-07
1.000000 89.333333 150000.000000 -3.0094852466873e-07
0.000000 89.444444 150000.000000 -3.00948451395641e-07
0.111111 89.444444 150000.000000 -3.00948451491274e-07
0.222222 89.444444 150000.000000 -3.00948451315339e-07
0.333333 89.444444 150000.000000 -3.00948451297829e-07
0.444444 89.444444 150000.000000 -3.00948451177401e-07
0.555556 89.444444 150000.000000 -3.00948451177486e-07
0.666667 89.444444 150000.000000 -3.0094845129764e-07
0.777778 89.444444 150000.000000 -3.00948451315273e-07
0.888889 89.444444 150000.000000 -3.00948451491355e-07
1.000000 89.444444 150000.000000 -3.00948451395661e-07
0.000000 89.555556 150000.000000 -3.0094833698977e-07
0.111111 89.555556 150000.000000 -3.00948337134919e-07
0.222222 89.555556 150000.000000 -3.00948337117401e-07
0.333333 89.555556 150000.000000 -3.00948337267552e-07
0.444444 89.555556 150000.000000 -3.00948337369502e-07
0.555556 89.555556 150000.000000 -3.00948337369539e-07
0.666667 89.555556 150000.000000 -3.00948337267611e-07
0.777778 89.555556 150000.000000 -3.00948337117297e-07
0.888889 89.555556 150000.000000 -3.00948337134913e-07
1.000000 89.555556 150000.000000 -3.00948336989763e-07
0.000000 89.666667 150000.000000 -3.00948191516015e-07
0.111111 89.666667 150000.000000 -3.00948191661361e-07
0.222222 89.666667 150000.000000 -3.00948191667349e-07
0.333333 89.666667 150000.000000 -3.00948191706078e-07
0.444444 89.666667 150000.000000 -3.00948191576296e-07
0.555556 89.666667 150000.000000 -3.0094819157634e-07
0.666667 89.666667 150000.000000 -3.00948191706135e-07
0.777778 89.666667 150000.000000 -3.00948191667399e-07
0.888889 89.666667 150000.000000 -3.00948191661366e-07
1.000000 89.666667 150000.000000 -3.00948191516015e-07
0.000000 89.777778 150000.000000 -3.00948041124279e-07
0.111111 89.777778 150000.000000 -3.00948041173247e-07
0.222222 89.777778 150000.000000 -3.00948041120849e-07
0.333333 89.777778 150000.000000 -3.00948041179617e-07
0.444444 89.777778 150000.000000 -3.00948041090991e-07
0.555556 89.777778 150000.000000 -3.00948041091075e-07
0.666667 89.777778 150000.000000 -3.00948041179657e-07
0.777778 89.777778 150000.000000 -3.00948041120776e-07
0.888889 89.777778 150000.000000 -3.00948041173203e-07
1.000000 89.777778 150000.000000 -3.00948041124282e-07
0.000000 89.888889 150000.000000 -3.00947924559663e-07
0.111111 89.888889 150000.000000 -3.00947924604831e-07
0.222222 89.888889 150000.000000 -3.00947924553592e-07
0.333333 89.888889 150000.000000 -3.00947924503573e-07
0.444444 89.888889 150000.000000 -3.00947924552153e-07
0.555556 89.888889 150000.000000 -3.00947924552174e-07
0.666667 89.888889 150000.000000 -3.00947924503283e-07
0.777778 89.888889 150000.000000 -3.00947924553578e-07
0.888889 89.888889 150000.000000 -3.00947924604852e-07
1.000000 89.888889 150000.000000 -3.00947924559679e-07
0.000000 90.000000 150000.000000 -3.00947873622726e-07
0.111111 90.000000 150000.000000 -3.00947873622726e-07
0.222222 90.000000 150000.000000 -3.00947873622726e-07
0.333333 90.000000 150000.000000 -3.00947873622726e-07
0.444444 90.000000 150000.000000 -3.00947873622726e-07
0.555556 90.000000 150000.000000 -3.00947873622726e-07
0.666667 90.000000 150000.000000 -3.00947873622726e-07
0.777778 90.000000 150000.000000 -3.00947873622726e-07
0.888889 90.000000 150000.000000 -3.00947873622726e-07
1.000000 90.000000 150000.000000 -3.00947873622726e-07
