# gzzz component calculated with tessgzzz 2017:
#   local time: Sun Mar 11 03:05:50 2018
#   model file: tesseroid_vs_spherical_shell_files/model-size1.0.tess (64800 tesseroids)
#   GLQ order: 2 lon / 2 lat / 2 r
#   Use recursive division of tesseroids: True
#   Distance-size ratio for recusive division: 5
0.000000 89.000000 10000.000000 -4.94835969717467e-07
0.111111 89.000000 10000.000000 -4.92202473291573e-07
0.222222 89.000000 10000.000000 -4.64689481621523e-07
0.333333 89.000000 10000.000000 -4.59583923514593e-07
0.444444 89.000000 10000.000000 -4.48654260688168e-07
0.555556 89.000000 10000.000000 -4.48654260712346e-07
0.666667 89.000000 10000.000000 -4.59583923534976e-07
0.777778 89.000000 10000.000000 -4.6468948162071e-07
0.888889 89.000000 10000.000000 -4.92202473271434e-07
1.000000 89.000000 10000.000000 -4.94835969713022e-07
0.000000 89.111111 10000.000000 -3.07662685664934e-07
0.111111 89.111111 10000.000000 -3.08429871559753e-07
0.222222 89.111111 10000.000000 -3.08891815688776e-07
0.333333 89.111111 10000.000000 -3.09408204583193e-07
0.444444 89.111111 10000.000000 -3.08638032888751e-07
0.555556 89.111111 10000.000000 -3.08638032896455e-07
0.666667 89.111111 10000.000000 -3.09408204585585e-07
0.777778 89.111111 10000.000000 -3.08891815684236e-07
0.888889 89.111111 10000.000000 -3.08429871561769e-07
1.000000 89.111111 10000.000000 -3.07662685664446e-07
0.000000 89.222222 10000.000000 -3.08675995306913e-07
0.111111 89.222222 10000.000000 -3.04824739546275e-07
0.222222 89.222222 10000.000000 -3.04739714125794e-07
0.333333 89.222222 10000.000000 -3.05294973742985e-07
0.444444 89.222222 10000.000000 -3.06972763123098e-07
0.555556 89.222222 10000.000000 -3.06972763133303e-07
0.666667 89.222222 10000.000000 -3.05294973744328e-07
0.777778 89.222222 10000.000000 -3.04739714123148e-07
0.888889 89.222222 10000.000000 -3.04824739551624e-07
1.000000 89.222222 10000.000000 -3.08675995315642e-07
0.000000 89.333333 10000.000000 -3.04152197240455e-07
0.111111 89.333333 10000.000000 -3.04545986776188e-07
0.222222 89.333333 10000.000000 -3.04441628264768e-07
0.333333 89.333333 10000.000000 -3.03940861955774e-07
0.444444 89.333333 10000.000000 -3.01810965036373e-07
0.555556 89.333333 10000.000000 -3.01810965039346e-07
0.666667 89.333333 10000.000000 -3.03940861954636e-07
0.777778 89.333333 10000.000000 -3.04441628264665e-07
0.888889 89.333333 10000.000000 -3.04545986775153e-07
1.000000 89.333333 10000.000000 -3.04152197231308e-07
0.000000 89.444444 10000.000000 -2.94937264280513e-07
0.111111 89.444444 10000.000000 -2.94494931711503e-07
0.222222 89.444444 10000.000000 -2.9208994641652e-07
0.333333 89.444444 10000.000000 -2.9272726357942e-07
0.444444 89.444444 10000.000000 -2.92162969982871e-07
0.555556 89.444444 10000.000000 -2.92162969988608e-07
0.666667 89.444444 10000.000000 -2.92727263572696e-07
0.777778 89.444444 10000.000000 -2.92089946414363e-07
0.888889 89.444444 10000.000000 -2.94494931713899e-07
1.000000 89.444444 10000.000000 -2.94937264283394e-07
0.000000 89.555556 10000.000000 -2.88371570777634e-07
0.111111 89.555556 10000.000000 -2.89299157330784e-07
0.222222 89.555556 10000.000000 -2.89451324545196e-07
0.333333 89.555556 10000.000000 -2.89641828059526e-07
0.444444 89.555556 10000.000000 -2.896500876814e-07
0.555556 89.555556 10000.000000 -2.89650087682076e-07
0.666667 89.555556 10000.000000 -2.89641828061331e-07
0.777778 89.555556 10000.000000 -2.89451324551474e-07
0.888889 89.555556 10000.000000 -2.89299157333576e-07
1.000000 89.555556 10000.000000 -2.88371570776806e-07
0.000000 89.666667 10000.000000 -3.01726927298976e-07
0.111111 89.666667 10000.000000 -3.01474818109317e-07
0.222222 89.666667 10000.000000 -3.00963249312358e-07
0.333333 89.666667 10000.000000 -2.96159621197591e-07
0.444444 89.666667 10000.000000 -2.9619549327738e-07
0.555556 89.666667 10000.000000 -2.96195493271256e-07
0.666667 89.666667 10000.000000 -2.96159621194097e-07
0.777778 89.666667 10000.000000 -3.00963249314678e-07
0.888889 89.666667 10000.000000 -3.01474818108696e-07
1.000000 89.666667 10000.000000 -3.01726927299419e-07
0.000000 89.777778 10000.000000 -2.80428210827182e-07
0.111111 89.777778 10000.000000 -2.80481860157032e-07
0.222222 89.777778 10000.000000 -2.81653279468527e-07
0.333333 89.777778 10000.000000 -2.81663636620117e-07
0.444444 89.777778 10000.000000 -2.81869420436998e-07
0.555556 89.777778 10000.000000 -2.81869420436629e-07
0.666667 89.777778 10000.000000 -2.81663636619249e-07
0.777778 89.777778 10000.000000 -2.81653279463199e-07
0.888889 89.777778 10000.000000 -2.80481860152356e-07
1.000000 89.777778 10000.000000 -2.80428210828048e-07
0.000000 89.888889 10000.000000 -3.05236962558368e-07
0.111111 89.888889 10000.000000 -3.03893763060353e-07
0.222222 89.888889 10000.000000 -3.03868862970207e-07
0.333333 89.888889 10000.000000 -3.03526526073068e-07
0.444444 89.888889 10000.000000 -3.03553220965871e-07
0.555556 89.888889 10000.000000 -3.03553220954887e-07
0.666667 89.888889 10000.000000 -3.03526526078972e-07
0.777778 89.888889 10000.000000 -3.03868862966471e-07
0.888889 89.888889 10000.000000 -3.03893763058207e-07
1.000000 89.888889 10000.000000 -3.05236962557569e-07
0.000000 90.000000 10000.000000 4.54466024050227e-07
0.111111 90.000000 10000.000000 4.54466024050227e-07
0.222222 90.000000 10000.000000 4.54466024050227e-07
0.333333 90.000000 10000.000000 4.54466024050227e-07
0.444444 90.000000 10000.000000 4.54466024050227e-07
0.555556 90.000000 10000.000000 4.54466024050227e-07
0.666667 90.000000 10000.000000 4.54466024050227e-07
0.777778 90.000000 10000.000000 4.54466024050227e-07
0.888889 90.000000 10000.000000 4.54466024050227e-07
1.000000 90.000000 10000.000000 4.54466024050227e-07
