# gzzz component calculated with tessgzzz 2017:
#   local time: Sun Mar 11 03:14:29 2018
#   model file: tesseroid_vs_spherical_shell_files/model-size1.0.tess (64800 tesseroids)
#   GLQ order: 2 lon / 2 lat / 2 r
#   Use recursive division of tesseroids: True
#   Distance-size ratio for recusive division: 10
0.000000 89.000000 150000.000000 -3.0094539674453e-07
0.111111 89.000000 150000.000000 -3.00945323370674e-07
0.222222 89.000000 150000.000000 -3.0094528843241e-07
0.333333 89.000000 150000.000000 -3.00945387149902e-07
0.444444 89.000000 150000.000000 -3.00945439656125e-07
0.555556 89.000000 150000.000000 -3.00945439656126e-07
0.666667 89.000000 150000.000000 -3.00945387149901e-07
0.777778 89.000000 150000.000000 -3.00945288432454e-07
0.888889 89.000000 150000.000000 -3.00945323370695e-07
1.000000 89.000000 150000.000000 -3.00945396744521e-07
0.000000 89.111111 150000.000000 -3.00947615791035e-07
0.111111 89.111111 150000.000000 -3.00947798372702e-07
0.222222 89.111111 150000.000000 -3.00947805176431e-07
0.333333 89.111111 150000.000000 -3.00947809615921e-07
0.444444 89.111111 150000.000000 -3.00947685053462e-07
0.555556 89.111111 150000.000000 -3.00947685053453e-07
0.666667 89.111111 150000.000000 -3.00947809615885e-07
0.777778 89.111111 150000.000000 -3.0094780517643e-07
0.888889 89.111111 150000.000000 -3.00947798372749e-07
1.000000 89.111111 150000.000000 -3.00947615791022e-07
0.000000 89.222222 150000.000000 -3.00940920804295e-07
0.111111 89.222222 150000.000000 -3.00940911291981e-07
0.222222 89.222222 150000.000000 -3.00940911701406e-07
0.333333 89.222222 150000.000000 -3.00940869921591e-07
0.444444 89.222222 150000.000000 -3.00940908192022e-07
0.555556 89.222222 150000.000000 -3.00940908191943e-07
0.666667 89.222222 150000.000000 -3.00940869921614e-07
0.777778 89.222222 150000.000000 -3.00940911701317e-07
0.888889 89.222222 150000.000000 -3.00940911292002e-07
1.000000 89.222222 150000.000000 -3.00940920804322e-07
0.000000 89.333333 150000.000000 -3.00934598481328e-07
0.111111 89.333333 150000.000000 -3.00934588719249e-07
0.222222 89.333333 150000.000000 -3.00934615841471e-07
0.333333 89.333333 150000.000000 -3.00934620526646e-07
0.444444 89.333333 150000.000000 -3.00934555554441e-07
0.555556 89.333333 150000.000000 -3.00934555554386e-07
0.666667 89.333333 150000.000000 -3.00934620526604e-07
0.777778 89.333333 150000.000000 -3.00934615841412e-07
0.888889 89.333333 150000.000000 -3.00934588719264e-07
1.000000 89.333333 150000.000000 -3.00934598481338e-07
0.000000 89.444444 150000.000000 -3.00913359005923e-07
0.111111 89.444444 150000.000000 -3.00913209963057e-07
0.222222 89.444444 150000.000000 -3.00913224979565e-07
0.333333 89.444444 150000.000000 -3.00913205846271e-07
0.444444 89.444444 150000.000000 -3.0091321648006e-07
0.555556 89.444444 150000.000000 -3.00913216480047e-07
0.666667 89.444444 150000.000000 -3.00913205846241e-07
0.777778 89.444444 150000.000000 -3.00913224979497e-07
0.888889 89.444444 150000.000000 -3.00913209962992e-07
1.000000 89.444444 150000.000000 -3.00913359005924e-07
0.000000 89.555556 150000.000000 -3.0088592597301e-07
0.111111 89.555556 150000.000000 -3.00885925913019e-07
0.222222 89.555556 150000.000000 -3.00885990026258e-07
0.333333 89.555556 150000.000000 -3.00885912774236e-07
0.444444 89.555556 150000.000000 -3.00885917042135e-07
0.555556 89.555556 150000.000000 -3.00885917042133e-07
0.666667 89.555556 150000.000000 -3.0088591277415e-07
0.777778 89.555556 150000.000000 -3.00885990026288e-07
0.888889 89.555556 150000.000000 -3.00885925913087e-07
1.000000 89.555556 150000.000000 -3.00885925973017e-07
0.000000 89.666667 150000.000000 -3.00845697186327e-07
0.111111 89.666667 150000.000000 -3.00845717513939e-07
0.222222 89.666667 150000.000000 -3.00845717686719e-07
0.333333 89.666667 150000.000000 -3.00845717778072e-07
0.444444 89.666667 150000.000000 -3.00845767707109e-07
0.555556 89.666667 150000.000000 -3.00845767707118e-07
0.666667 89.666667 150000.000000 -3.00845717778025e-07
0.777778 89.666667 150000.000000 -3.00845717686677e-07
0.888889 89.666667 150000.000000 -3.00845717513932e-07
1.000000 89.666667 150000.000000 -3.00845697186328e-07
0.000000 89.777778 150000.000000 -3.00805244863869e-07
0.111111 89.777778 150000.000000 -3.00805159278076e-07
0.222222 89.777778 150000.000000 -3.00805086785019e-07
0.333333 89.777778 150000.000000 -3.00805086854528e-07
0.444444 89.777778 150000.000000 -3.00805101908512e-07
0.555556 89.777778 150000.000000 -3.00805101908442e-07
0.666667 89.777778 150000.000000 -3.00805086854423e-07
0.777778 89.777778 150000.000000 -3.00805086785025e-07
0.888889 89.777778 150000.000000 -3.00805159278078e-07
1.000000 89.777778 150000.000000 -3.00805244863879e-07
0.000000 89.888889 150000.000000 -3.007761094773e-07
0.111111 89.888889 150000.000000 -3.0077610947179e-07
0.222222 89.888889 150000.000000 -3.00776197268696e-07
0.333333 89.888889 150000.000000 -3.00776197297133e-07
0.444444 89.888889 150000.000000 -3.00776212464285e-07
0.555556 89.888889 150000.000000 -3.00776212464221e-07
0.666667 89.888889 150000.000000 -3.00776197297233e-07
0.777778 89.888889 150000.000000 -3.00776197268597e-07
0.888889 89.888889 150000.000000 -3.0077610947178e-07
1.000000 89.888889 150000.000000 -3.007761094773e-07
0.000000 90.000000 150000.000000 -3.0074996807244e-07
0.111111 90.000000 150000.000000 -3.0074996807244e-07
0.222222 90.000000 150000.000000 -3.0074996807244e-07
0.333333 90.000000 150000.000000 -3.0074996807244e-07
0.444444 90.000000 150000.000000 -3.0074996807244e-07
0.555556 90.000000 150000.000000 -3.0074996807244e-07
0.666667 90.000000 150000.000000 -3.0074996807244e-07
0.777778 90.000000 150000.000000 -3.0074996807244e-07
0.888889 90.000000 150000.000000 -3.0074996807244e-07
1.000000 90.000000 150000.000000 -3.0074996807244e-07
