# gzzz component calculated with tessgzzz 2017:
#   local time: Sun Mar 11 03:13:28 2018
#   model file: tesseroid_vs_spherical_shell_files/model-size1.0.tess (64800 tesseroids)
#   GLQ order: 2 lon / 2 lat / 2 r
#   Use recursive division of tesseroids: True
#   Distance-size ratio for recusive division: 45
0.000000 89.000000 50000.000000 -3.20116187116477e-07
0.111111 89.000000 50000.000000 -3.20116188604536e-07
0.222222 89.000000 50000.000000 -3.20116188167661e-07
0.333333 89.000000 50000.000000 -3.20116190770451e-07
0.444444 89.000000 50000.000000 -3.20116184566507e-07
0.555556 89.000000 50000.000000 -3.20116184566444e-07
0.666667 89.000000 50000.000000 -3.20116190770016e-07
0.777778 89.000000 50000.000000 -3.20116188166338e-07
0.888889 89.000000 50000.000000 -3.20116188605169e-07
1.000000 89.000000 50000.000000 -3.20116187116771e-07
0.000000 89.111111 50000.000000 -3.20116014850088e-07
0.111111 89.111111 50000.000000 -3.20116021796519e-07
0.222222 89.111111 50000.000000 -3.20116025245508e-07
0.333333 89.111111 50000.000000 -3.20116026593941e-07
0.444444 89.111111 50000.000000 -3.20116026174744e-07
0.555556 89.111111 50000.000000 -3.20116026174906e-07
0.666667 89.111111 50000.000000 -3.20116026593668e-07
0.777778 89.111111 50000.000000 -3.20116025245205e-07
0.888889 89.111111 50000.000000 -3.20116021796555e-07
1.000000 89.111111 50000.000000 -3.20116014849715e-07
0.000000 89.222222 50000.000000 -3.20115932674883e-07
0.111111 89.222222 50000.000000 -3.20115937201259e-07
0.222222 89.222222 50000.000000 -3.20115936523757e-07
0.333333 89.222222 50000.000000 -3.2011594770135e-07
0.444444 89.222222 50000.000000 -3.20115953743625e-07
0.555556 89.222222 50000.000000 -3.20115953742485e-07
0.666667 89.222222 50000.000000 -3.20115947699551e-07
0.777778 89.222222 50000.000000 -3.20115936522566e-07
0.888889 89.222222 50000.000000 -3.20115937200217e-07
1.000000 89.222222 50000.000000 -3.20115932674383e-07
0.000000 89.333333 50000.000000 -3.20116079623606e-07
0.111111 89.333333 50000.000000 -3.20116073363386e-07
0.222222 89.333333 50000.000000 -3.20116070986759e-07
0.333333 89.333333 50000.000000 -3.20116071093765e-07
0.444444 89.333333 50000.000000 -3.20116071358127e-07
0.555556 89.333333 50000.000000 -3.20116071358917e-07
0.666667 89.333333 50000.000000 -3.2011607109373e-07
0.777778 89.333333 50000.000000 -3.20116070985298e-07
0.888889 89.333333 50000.000000 -3.20116073364781e-07
1.000000 89.333333 50000.000000 -3.20116079623528e-07
0.000000 89.444444 50000.000000 -3.20116639855792e-07
0.111111 89.444444 50000.000000 -3.20116640646862e-07
0.222222 89.444444 50000.000000 -3.20116641536464e-07
0.333333 89.444444 50000.000000 -3.20116650571322e-07
0.444444 89.444444 50000.000000 -3.20116651145805e-07
0.555556 89.444444 50000.000000 -3.20116651145887e-07
0.666667 89.444444 50000.000000 -3.2011665057143e-07
0.777778 89.444444 50000.000000 -3.20116641537041e-07
0.888889 89.444444 50000.000000 -3.20116640646919e-07
1.000000 89.444444 50000.000000 -3.20116639855196e-07
0.000000 89.555556 50000.000000 -3.20117077565042e-07
0.111111 89.555556 50000.000000 -3.20117062778218e-07
0.222222 89.555556 50000.000000 -3.20117063232676e-07
0.333333 89.555556 50000.000000 -3.20117062259523e-07
0.444444 89.555556 50000.000000 -3.20117060432628e-07
0.555556 89.555556 50000.000000 -3.20117060431791e-07
0.666667 89.555556 50000.000000 -3.20117062258635e-07
0.777778 89.555556 50000.000000 -3.20117063231032e-07
0.888889 89.555556 50000.000000 -3.20117062776678e-07
1.000000 89.555556 50000.000000 -3.20117077565045e-07
0.000000 89.666667 50000.000000 -3.20116775507416e-07
0.111111 89.666667 50000.000000 -3.20116777666456e-07
0.222222 89.666667 50000.000000 -3.20116779030361e-07
0.333333 89.666667 50000.000000 -3.20116779110148e-07
0.444444 89.666667 50000.000000 -3.20116779509219e-07
0.555556 89.666667 50000.000000 -3.20116779509822e-07
0.666667 89.666667 50000.000000 -3.20116779107635e-07
0.777778 89.666667 50000.000000 -3.20116779031362e-07
0.888889 89.666667 50000.000000 -3.20116777664903e-07
1.000000 89.666667 50000.000000 -3.20116775507457e-07
0.000000 89.777778 50000.000000 -3.20116341967579e-07
0.111111 89.777778 50000.000000 -3.20116341338319e-07
0.222222 89.777778 50000.000000 -3.2011634163592e-07
0.333333 89.777778 50000.000000 -3.20116342249978e-07
0.444444 89.777778 50000.000000 -3.20116342047436e-07
0.555556 89.777778 50000.000000 -3.20116342047943e-07
0.666667 89.777778 50000.000000 -3.20116342249703e-07
0.777778 89.777778 50000.000000 -3.20116341636385e-07
0.888889 89.777778 50000.000000 -3.20116341338026e-07
1.000000 89.777778 50000.000000 -3.20116341967369e-07
0.000000 89.888889 50000.000000 -3.20115126346588e-07
0.111111 89.888889 50000.000000 -3.20115126469125e-07
0.222222 89.888889 50000.000000 -3.20115126774676e-07
0.333333 89.888889 50000.000000 -3.20115127374737e-07
0.444444 89.888889 50000.000000 -3.2011512686904e-07
0.555556 89.888889 50000.000000 -3.20115126869421e-07
0.666667 89.888889 50000.000000 -3.20115127374944e-07
0.777778 89.888889 50000.000000 -3.20115126774295e-07
0.888889 89.888889 50000.000000 -3.20115126468688e-07
1.000000 89.888889 50000.000000 -3.2011512634658e-07
0.000000 90.000000 50000.000000 -3.20114147223761e-07
0.111111 90.000000 50000.000000 -3.20114147223761e-07
0.222222 90.000000 50000.000000 -3.20114147223761e-07
0.333333 90.000000 50000.000000 -3.20114147223761e-07
0.444444 90.000000 50000.000000 -3.20114147223761e-07
0.555556 90.000000 50000.000000 -3.20114147223761e-07
0.666667 90.000000 50000.000000 -3.20114147223761e-07
0.777778 90.000000 50000.000000 -3.20114147223761e-07
0.888889 90.000000 50000.000000 -3.20114147223761e-07
1.000000 90.000000 50000.000000 -3.20114147223761e-07
